321,416,352,416,383,416,383,443,352,443,321,443,FREE
502,411,561,411,619,411,619,439,561,439,502,439,PARKING
392,414,444,414,495,414,495,443,444,443,392,443,INDOOR
667,325,706,325,744,325,744,342,706,342,667,342,TRUMPS
772,396,802,396,831,396,831,414,802,414,772,414,HOTEL
824,418,838,418,852,418,852,435,838,435,824,435,the
800,417,811,417,821,417,821,435,811,435,800,435,On
319,298,366,260,418,250,436,288,394,310,342,340,Ride
428,238,463,219,509,219,518,255,486,261,448,282,the
511,200,643,182,749,211,732,246,623,238,516,253,Rainbow
670,348,905,345,912,395,673,401,CASTLE
844,395,910,393,911,412,846,413,CASINO
857,417,912,419,913,435,856,436,Marina
