182,33,231,33,279,33,279,67,231,67,182,67,###
96,256,103,223,136,198,162,217,146,236,133,267,The
140,183,194,138,286,142,284,173,212,176,165,213,Healthier
306,142,388,200,418,275,393,286,351,206,286,169,Alternative
343,38,399,52,394,70,339,63,Kenny
402,51,454,58,454,73,401,71,Rogers
336,57,452,76,451,110,342,100,ROASTERS
104,406,126,401,156,399,153,419,132,416,110,425,LESS
160,394,185,394,183,415,160,417,fat
202,395,225,396,246,402,242,419,224,414,198,416,Less
254,399,286,410,281,427,246,418,salt
296,406,336,416,335,434,290,426,Less
343,412,372,411,401,407,408,421,370,432,333,433,calories
190,82,291,102,286,124,187,112,###
76,415,150,432,163,466,62,476,###
64,484,355,481,356,498,65,500,###
365,449,428,440,424,467,358,468,###
