179,150,198,150,216,150,216,185,198,185,179,185,S
90,446,108,446,126,446,126,467,108,467,90,467,###
91,432,108,432,124,432,124,448,108,448,91,448,MUA
164,139,205,116,271,112,268,128,205,134,171,151,RESTAURANT
288,118,322,130,338,153,326,161,305,143,282,135,COFFEE
225,153,319,161,319,188,220,186,muoi
226,189,287,193,287,205,221,201,0839304198
172,174,176,185,185,188,179,202,166,191,161,178,565
188,192,199,200,186,215,178,206,Le
199,198,209,206,219,209,211,222,199,218,191,212,Quy
221,208,###
220,205,228,210,242,211,239,225,226,225,216,220,Don
247,211,266,212,284,208,293,222,266,228,244,225,Phuong
288,208,298,204,306,219,293,225,6
302,202,315,197,321,187,334,202,321,211,305,215,Quan
322,187,329,178,341,188,333,199,3
