602,274,667,274,732,274,732,310,667,310,602,310,BISTOR
369,274,415,274,460,274,460,309,415,309,369,309,ACES
474,275,511,275,547,275,547,308,511,308,474,308,BAR
791,296,822,296,853,296,853,311,822,311,791,311,DRAUGHT
786,282,823,282,859,282,859,299,823,299,786,299,CARLTON
253,284,286,284,319,284,319,300,286,300,253,300,CARLTON
254,297,284,297,313,297,313,311,284,311,254,311,DRAUGHT
559,275,577,275,594,275,594,309,577,309,559,309,###
416,218,545,178,704,225,681,264,541,234,434,265,POKIES
401,342,448,341,448,366,389,366,AUG
461,342,567,342,567,364,453,365,STUDENT
577,343,699,339,701,362,578,370,SERVICES
354,372,476,369,477,397,359,399,MARKET
484,372,571,373,569,398,488,397,PLAZA
581,371,745,372,737,398,582,399,PHARMACY
473,484,655,484,658,507,476,508,###
1000,464,1074,456,1078,518,1005,516,###
840,549,954,546,949,587,842,582,###
