389,333,426,333,462,333,462,366,426,366,389,366,NAM
570,330,610,330,649,330,649,365,610,365,570,365,VIEN
483,330,519,330,555,330,555,367,519,367,483,367,GAU
310,328,339,328,368,328,368,368,339,368,310,368,TAI
51,350,65,350,79,350,79,370,65,370,51,370,413
89,350,106,350,123,350,123,370,106,370,89,370,415
442,460,479,460,515,460,515,483,479,483,442,483,413415
694,5,763,6,765,59,690,60,###
227,145,255,122,294,108,307,131,273,145,236,161,BEEF
308,100,363,84,432,74,431,94,375,101,311,125,NOODLE
442,70,491,68,527,76,524,98,480,89,446,94,SOUP
541,76,659,109,743,159,730,174,632,127,536,97,RESTAURANT
239,186,504,108,526,180,277,239,PHO
572,125,712,192,693,257,546,192,LE
149,249,230,249,220,308,158,306,###
316,286,423,227,516,229,653,292,627,307,511,259,426,264,339,315,###
728,254,787,250,797,303,731,309,###
125,348,189,348,191,372,126,373,NGUYEn
192,347,230,347,233,371,191,373,TRAI
741,350,768,350,771,373,741,373,DT
780,348,870,348,871,370,781,372,39234008
