337,158,368,158,398,158,398,199,368,199,337,199,LUI
296,209,312,209,328,209,328,226,312,226,296,226,Order
522,189,536,189,549,189,549,204,536,204,522,204,TES
331,209,344,209,356,209,356,225,344,225,331,225,line
213,79,232,79,251,79,251,105,232,105,213,105,###
390,206,401,206,411,206,411,226,401,226,390,226,144
411,207,422,207,432,207,432,228,422,228,411,228,984
359,206,375,206,390,206,390,226,375,226,359,226,07986
284,178,326,106,384,101,438,155,437,190,411,197,409,171,377,133,337,138,307,198,CREPERIE
470,184,492,182,492,203,476,208,G
520,144,541,143,542,162,522,165,ES
