359,159,402,159,444,159,444,182,402,182,359,182,ADVENTURE
282,157,318,157,353,157,353,182,318,182,282,182,TROPICAL
564,365,618,365,671,365,671,425,618,425,564,425,blog
450,159,471,159,491,159,491,180,471,180,450,180,TEAM
88,88,150,88,212,88,212,120,150,120,88,120,TOYOTA
465,181,483,181,501,181,501,199,483,199,465,199,2013
270,183,301,183,332,183,332,198,301,198,270,198,Malaysia
289,129,484,129,485,159,293,157,###
77,342,83,286,137,245,164,238,175,260,137,274,105,299,96,347,TROPICAL
179,240,244,241,299,280,311,329,287,333,282,296,235,266,176,258,ADVENTURE
177,379,212,380,245,369,253,389,221,401,177,402,TEAM
255,395,384,392,376,426,258,429,WWW
333,184,385,182,386,198,331,198,Thailand
384,183,420,184,420,198,387,200,Laos
423,184,461,184,461,201,423,200,China
395,379,544,376,550,426,398,427,1a14x4
