207,179,274,179,341,179,341,195,274,195,207,195,TRADITIONAL
45,143,88,143,130,143,130,167,88,167,45,167,RANG
324,470,400,470,475,470,475,493,400,493,324,493,###
153,278,169,278,185,278,185,294,169,294,153,294,NUOC
123,279,138,279,152,279,152,294,138,294,123,294,CAFE
413,201,432,201,450,201,450,221,432,221,413,221,Char
5,145,23,145,40,145,40,160,23,160,5,160,ANG
135,139,166,139,196,139,196,162,166,162,135,162,XAY
227,258,234,258,240,258,240,270,234,270,227,270,###
2,189,39,187,39,201,4,203,OYANH
39,210,103,208,106,225,40,229,CacLoaiCaphew
70,192,92,175,128,167,128,193,106,198,82,212,Giai
118,208,155,205,155,224,118,232,Arabi
160,172,202,192,206,250,165,230,###
211,141,409,135,409,173,202,180,CAFE
415,129,557,131,551,234,349,224,MAi
532,201,779,203,776,223,516,221,MoaEspressoAliculiDaklakParisMai
638,161,657,145,682,138,687,151,664,159,645,175,THUONG
680,139,694,136,708,136,708,149,697,148,680,156,HIEU
712,133,733,138,750,145,743,156,730,148,713,149,TRUYEn
243,204,272,197,337,201,328,223,277,222,242,237,giajuyen
670,154,741,155,784,198,645,201,###
