747,249,844,249,941,249,941,293,844,293,747,293,EUM
408,247,496,247,584,247,584,289,496,289,408,289,WAX
341,192,439,144,578,117,580,175,470,199,377,243,SPIRIT
761,120,875,148,1000,208,967,253,859,193,746,168,NTEREY
433,219,449,207,472,199,485,223,467,228,439,241,John
481,195,518,186,556,178,562,202,527,205,487,219,Steinhe
764,181,814,189,854,204,835,228,802,208,763,201,annery
857,199,881,211,905,228,896,243,872,229,850,222,ROW
242,123,338,132,338,153,239,148,BARGITTO
343,135,368,139,371,160,338,154,W
47,429,74,423,85,459,55,465,A
85,423,185,409,265,402,274,433,190,444,95,459,FASCINATING
271,402,365,394,365,427,284,435,VOYAGE
56,502,112,492,109,526,70,535,FUN
116,495,160,486,164,519,125,528,FOR
166,486,214,481,215,511,176,516,THE
218,480,293,471,296,498,223,510,ENTIRE
301,469,365,460,368,484,299,499,FAMILY
544,310,568,310,569,331,545,330,D
770,310,793,310,797,334,767,330,S
619,939,688,892,764,876,761,912,713,925,656,960,SPIRITCE
779,868,898,886,991,943,944,958,872,922,767,907,MONTEREI
965,406,1025,412,1025,444,959,438,ENJOY
1031,414,1052,417,1049,450,1028,450,A
1052,418,1105,423,1102,454,1052,447,VISI
959,463,982,468,976,501,949,499,A
983,468,1013,474,1003,507,977,504,20
1009,474,1100,487,1103,517,1003,502,MINUTE
1181,618,1253,669,1243,723,1168,673,JOHN
1264,678,1282,688,1279,741,1256,729,S
1205,697,1282,756,1277,813,1189,732,throug
1177,733,1205,753,1204,784,1168,765,As
1208,763,1238,783,1238,820,1210,801,he
1253,799,1279,819,1277,870,1240,838,liv
704,945,763,945,761,961,715,958,###
776,945,887,946,887,958,###
94,645,217,616,215,636,103,661,WARNING
97,666,148,651,154,666,AUDIO
169,646,214,637,218,651,172,663,VIDEo
115,676,196,655,199,670,121,694,DIGITALLY
116,694,199,673,203,688,122,711,RECORDED
100,715,122,708,127,729,98,738,24
128,709,173,693,175,711,HOURS
187,687,217,679,223,697,190,709,DAY
