665,1176,696,1176,727,1176,727,1267,696,1267,665,1267,###
489,482,497,441,527,417,542,438,523,458,516,488,MEATS
531,418,559,413,568,438,547,444,OF
565,409,593,418,612,429,602,448,587,440,568,441,THE
615,429,652,458,660,505,640,508,624,472,599,451,WORLD
499,493,658,520,658,544,494,517,KANGAROO
520,525,647,544,644,570,519,547,OSTRICH
522,547,647,573,641,595,520,575,VENISON
508,572,582,585,579,612,503,595,WILD
584,592,663,604,661,627,587,616,BOAR
508,601,669,632,664,660,508,624,SPRINGBOK
511,630,672,661,669,689,509,658,CROCODILE
29,1050,94,1060,68,1154,15,1154,###
748,1181,793,1225,802,1277,782,1272,765,1230,736,1207,###
