229,287,239,180,275,122,297,137,259,209,253,295,BREATHE
288,110,321,75,368,56,377,78,333,96,309,128,DEEP
389,47,423,38,466,36,464,64,431,63,400,70,RUN
476,42,527,51,570,74,554,98,517,76,477,65,HARD
590,87,629,133,649,168,628,185,608,147,574,113,ROCk
657,184,668,226,647,234,630,196,CF
308,199,403,171,484,162,496,205,415,209,331,240,ROCK
506,161,586,176,573,217,507,204,CF
316,307,373,317,404,318,408,335,353,331,316,324,RIVERS
413,317,446,315,471,311,476,329,443,336,411,335,HALF
476,312,532,300,600,275,606,289,558,319,484,328,MARATHON
313,327,332,331,359,331,356,349,328,345,310,340,HALF
358,332,413,338,449,333,452,347,400,350,356,345,MARATHON
452,335,499,327,527,319,531,334,496,344,453,348,RELAY15K
533,316,567,308,612,292,614,303,573,324,537,337,RUNWALK
310,393,380,447,422,459,420,483,350,463,280,411,GROSSE
433,456,458,462,480,454,487,484,457,488,430,482,ILE
504,448,569,420,624,349,643,360,597,434,515,477,MICHIGAN
