659,1066,688,1066,717,1066,717,1123,688,1123,659,1123,###
426,381,456,367,496,369,504,392,462,394,434,405,FOR
509,366,541,364,571,367,577,389,546,389,510,395,OFF
587,366,632,366,661,373,654,400,625,391,585,389,RM5
112,685,179,506,351,391,400,381,420,414,302,461,208,548,151,705,FRIENDSOFBYTESPIXELS
246,908,171,680,260,498,322,470,372,507,320,557,267,683,337,878,GARAGEVAPE
364,828,706,596,719,691,418,914,GARAGE
294,961,440,946,453,1007,305,1026,10m
459,1023,507,1045,554,1055,546,1110,496,1099,446,1073,RM5
565,1062,619,1073,668,1076,671,1116,629,1119,562,1104,OFF
576,816,638,774,660,795,607,839,THE
646,771,703,728,717,753,672,789,VAP
188,15,175,62,207,112,286,157,442,169,443,193,270,177,168,123,141,60,165,9,RM5OFFFORFRIENDSOFBYTESPIXELS
267,102,398,138,543,112,579,145,397,171,236,134,GARAGEVAPE
580,87,615,85,638,124,590,131,10m
407,9,563,88,526,112,342,4,###
451,3,516,42,510,62,415,8,###
590,8,627,3,660,42,641,98,624,90,630,57,###
