453,526,479,526,505,526,505,548,479,548,453,548,1AM
416,501,455,501,494,501,494,519,455,519,416,519,HOLIDAY
345,527,380,527,414,527,414,547,380,547,345,547,10am
380,410,403,410,426,410,426,429,403,429,380,429,MON
349,501,382,501,415,501,415,519,382,519,349,519,PUBLIC
416,528,431,528,445,528,445,548,431,548,416,548,to
437,412,453,412,469,412,469,428,453,428,437,428,FRI
347,435,380,435,413,435,413,458,380,458,347,458,11AM
361,321,388,291,436,280,435,304,403,307,378,337,OPENING
444,288,475,303,490,336,480,345,462,318,438,306,HOURS
415,438,445,439,447,462,420,462,to
451,439,507,438,504,462,456,463,1AM
348,573,403,570,405,597,351,595,NON
414,571,490,568,496,603,414,600,HALAL
372,486,412,486,414,502,373,504,SAT
420,486,459,487,459,504,418,502,SUN
385,622,420,612,463,618,463,640,429,634,387,642,SMORES
