218,408,259,408,299,408,299,446,259,446,218,446,CRUS
201,179,271,179,340,179,340,228,271,228,201,228,1837
302,108,317,108,332,108,332,126,317,126,302,126,OF
72,142,98,132,124,125,129,150,107,156,81,164,THE
131,124,176,114,220,112,225,133,186,139,139,148,FINEST
227,109,294,107,295,128,232,131,TEAS
342,110,396,122,391,143,337,134,THE
404,123,448,130,489,159,473,181,429,150,398,143,WORLD
117,237,433,231,447,330,108,330,TWG
80,189,128,161,169,155,170,169,133,180,85,206,MELANGES
176,152,206,143,238,139,241,156,210,159,180,167,EXQUIS
301,139,344,142,389,150,389,169,339,156,301,153,MILLESIMES
399,152,452,175,490,201,472,213,436,185,388,165,DEXCEPTION
187,332,345,330,348,379,190,376,TEA
104,371,147,393,206,404,201,443,134,426,87,402,GRANDS
309,411,378,400,441,375,462,406,396,438,310,450,PRESTIGE
