675,853,754,853,832,853,832,882,754,882,675,882,BOOTCAMP
692,790,762,790,831,790,831,848,762,848,692,848,Birth
674,715,760,715,846,715,846,803,760,803,674,803,gentle
248,448,265,388,310,345,338,384,301,421,295,469,Taking
316,330,334,316,373,307,385,337,359,346,343,364,the
382,294,442,282,512,292,509,337,457,321,397,339,Birthing
530,289,584,310,626,342,607,372,572,348,523,333,World
640,346,665,394,629,406,608,376,by
677,396,695,447,682,501,656,501,655,451,641,411,Calm
446,646,656,673,650,757,458,705,Birthing
478,711,613,721,616,766,488,753,###
