153,458,170,458,187,458,187,473,170,473,153,473,COTTOSES
59,464,69,464,79,464,79,484,69,484,59,484,47
82,470,91,470,100,470,100,483,91,483,82,483,MAIN
100,471,114,471,128,471,128,483,114,483,100,483,Street
133,457,143,457,152,457,152,470,143,470,133,470,Tree
116,457,124,457,131,457,131,469,124,469,116,469,Oak
127,471,145,471,162,471,162,482,145,482,127,482,Hahndorf
110,348,139,348,168,348,168,357,139,357,110,357,7070073
248,486,266,486,284,486,284,496,266,496,248,496,###
90,348,99,348,108,348,108,357,99,357,90,357,08
37,286,93,267,135,287,125,303,89,285,48,301,Hahndorf
32,302,44,315,56,320,52,337,34,328,24,312,Oak
56,322,71,329,85,333,85,346,65,346,51,337,Tree
87,331,118,324,147,302,154,312,138,336,92,347,Cottages
3,348,68,345,65,359,4,359,LLECTABLES
219,424,244,422,270,436,262,449,240,438,223,441,nndorf
238,470,260,464,271,452,283,456,273,478,236,485,Cottages
81,455,118,455,118,469,82,469,Hahndorf
54,488,188,485,192,499,###
