1,161,37,161,73,161,73,244,37,244,1,244,###
743,307,764,307,785,307,785,352,764,352,743,352,HAND
785,303,810,303,835,303,835,349,810,349,785,349,MADE
905,298,931,298,956,298,956,320,931,320,905,320,Carlsberg
319,191,390,179,383,211,334,238,Wan
386,178,434,173,431,205,392,214,Tan
436,169,486,173,487,205,438,209,Mee
492,176,537,177,538,202,497,215,Egg
549,177,586,186,614,203,618,234,576,220,540,215,Noodle
395,228,481,217,555,224,551,246,474,236,402,247,###
331,316,611,311,612,330,328,338,###
330,383,607,372,609,388,330,404,###
343,455,461,444,462,479,351,488,###
506,439,542,437,544,469,513,475,###
792,273,840,272,842,282,791,284,MINGTIEN
766,291,818,289,819,302,766,303,SARAWAK
818,290,865,287,866,302,819,302,KUCHING
833,308,893,305,897,345,836,349,noodle
752,354,888,351,889,362,758,373,###
