440,394,475,394,510,394,510,427,475,427,440,427,belif
274,477,304,477,333,477,333,497,304,497,274,497,belif
471,479,480,479,489,479,489,492,480,492,471,492,###
468,478,487,478,506,478,506,493,487,493,468,493,###
225,0,249,0,272,0,272,36,249,36,225,36,###
343,242,385,225,426,253,415,264,383,248,354,257,believe
336,267,427,278,426,315,342,309,belif
359,323,373,336,370,353,352,341,in
377,334,394,338,410,329,421,343,402,359,375,355,truth
273,267,308,248,316,267,278,289,3
279,341,305,355,333,348,345,367,302,378,278,363,###
