26,345,52,345,77,345,77,357,52,357,26,357,RESTAURANT
185,293,196,293,207,293,207,302,196,302,185,302,###
355,379,391,379,426,379,426,394,391,394,355,394,ELIZABETH
13,312,25,312,37,312,37,324,25,324,13,324,Cross
40,311,53,311,66,311,66,324,53,324,40,324,Butts
10,345,19,345,28,345,28,355,19,355,10,355,BAR
0,298,24,298,48,298,48,308,24,308,0,308,ccomodation
327,79,345,79,362,79,362,98,345,98,327,98,###
242,297,255,297,267,297,267,308,255,308,242,308,###
42,334,55,334,68,334,68,344,55,344,42,344,###
368,80,398,79,396,90,368,92,CLUB
23,416,30,386,53,369,56,390,44,398,39,420,Whitby
56,369,76,367,93,375,90,387,75,381,60,383,Town
97,375,111,389,117,409,103,409,100,395,91,388,Tour
243,343,275,343,274,362,248,362,###
294,369,321,368,320,383,296,383,###
72,322,108,321,113,343,74,341,###
27,445,121,428,150,568,54,585,###
