251,372,325,372,399,372,399,408,325,408,251,408,CLOSING
240,320,315,320,390,320,390,371,315,371,240,371,STORE
248,409,322,409,396,409,396,447,322,447,248,447,SALE
285,205,316,205,346,205,346,299,316,299,285,299,CO
336,202,363,202,389,202,389,223,363,223,336,223,###
611,428,619,428,626,428,626,456,619,456,611,456,###
6,311,51,313,43,396,4,408,###
43,379,87,376,73,478,43,475,###
210,271,261,267,265,281,217,290,###
41,219,159,143,340,112,337,206,183,227,72,299,AMERICAN
376,122,491,148,592,215,558,298,449,226,350,203,REVIVAL
726,328,749,326,751,336,729,340,###
154,339,194,341,190,358,151,362,###
