194,433,239,433,284,433,284,455,239,455,194,455,possible
322,439,348,439,373,439,373,460,348,460,322,460,part
28,63,130,63,231,63,231,98,130,98,28,98,benchmarks
516,444,547,444,577,444,577,468,547,468,516,468,from
438,445,473,445,508,445,508,465,473,465,438,465,grant
127,430,158,430,188,430,188,451,158,451,127,451,made
118,288,163,288,208,288,208,323,163,323,118,323,small
383,251,415,251,446,251,446,280,415,280,383,280,2462
3,450,43,450,82,450,82,469,43,469,3,469,###
5,329,46,329,87,329,87,362,46,362,5,362,ward
72,247,125,247,178,247,178,277,125,277,72,277,center
22,110,78,110,133,110,133,146,78,146,22,146,photos
103,153,142,153,180,153,180,189,142,189,103,189,with
2,193,33,193,64,193,64,235,33,235,2,235,em
3,242,33,242,63,242,63,275,33,275,3,275,itor
4,289,42,289,79,289,79,318,42,318,4,318,ceive
5,151,50,151,95,151,95,189,50,189,5,189,urself
293,435,305,435,317,435,317,458,305,458,293,458,in
114,199,144,199,174,199,174,233,144,233,114,233,the
2,423,36,423,70,423,70,445,36,445,2,445,project
61,20,136,20,210,20,210,56,136,56,61,56,rubbings
215,15,238,15,260,15,260,51,238,51,215,51,of
186,248,205,248,224,248,224,279,205,279,186,279,to
142,110,162,110,182,110,182,143,162,143,142,143,of
380,438,396,438,412,438,412,465,396,465,380,465,by
71,200,89,200,107,200,107,233,89,233,71,233,to
86,451,113,451,139,451,139,469,113,469,86,469,###
418,443,425,443,431,443,431,462,425,462,418,462,a
139,454,180,454,220,454,220,470,180,470,139,470,###
5,26,53,26,51,60,2,61,ing
3,77,21,77,21,102,5,104,e
91,296,113,297,113,320,###
80,431,123,430,122,446,77,444,was
251,226,255,165,273,110,307,126,284,178,289,231,BRYCE
285,92,344,40,421,17,428,48,357,63,311,111,CANYON
446,12,544,43,605,114,579,139,526,83,441,46,NATIONAL
615,144,628,206,623,249,589,242,594,199,584,152,PARK
347,86,371,69,411,59,418,89,386,95,362,112,RIM
430,59,476,60,526,87,512,117,474,92,433,88,TRAIL
367,143,506,145,504,169,365,167,ELEVATION
327,187,408,190,406,215,327,208,ABOVE
460,192,507,193,511,214,458,213,SEA
325,146,315,197,320,232,299,240,293,186,304,141,LATITUDE
316,238,333,260,314,270,303,251,37
368,223,430,226,427,252,369,250,8076
438,229,501,231,499,253,442,252,FEET
456,260,481,263,480,282,455,282,m
569,149,576,170,554,178,551,161,M
296,262,307,282,279,300,271,282,I
309,289,337,319,370,342,361,370,313,345,289,309,HIKED
391,349,421,356,441,358,442,384,411,383,383,375,THE
460,352,527,331,569,290,594,308,537,362,466,385,HOODOOS
337,274,352,289,341,305,323,292,38
357,299,382,312,377,330,351,319,33
392,317,407,319,400,341,387,334,N
432,323,481,314,520,291,536,306,486,336,432,344,LONSITUDE
526,282,544,265,560,272,540,299,112
549,245,553,237,556,224,577,230,571,243,567,257,09
