960,459,1033,459,1106,459,1106,486,1033,486,960,486,0T39234008
531,433,576,433,620,433,620,473,576,473,531,473,NAM
199,446,241,446,283,446,283,476,241,476,199,476,NGUYEN
747,432,796,432,844,432,844,475,796,475,747,475,VIEN
643,431,684,431,725,431,725,474,684,474,643,474,GAU
287,447,310,447,332,447,332,476,310,476,287,476,TRAI
109,448,127,448,145,448,145,474,127,474,109,474,413
157,450,176,450,195,450,195,476,176,476,157,476,415
246,322,281,322,315,322,315,382,281,382,246,382,###
579,728,620,728,660,728,660,776,620,776,579,776,###
867,533,903,533,939,533,939,556,903,556,867,556,###
437,426,474,426,511,426,511,472,474,472,437,472,TAI
326,196,358,168,415,153,424,180,385,196,346,226,BEEF
428,145,488,126,578,115,587,145,506,154,445,180,NOODLE
587,111,631,109,698,115,695,150,649,139,604,148,SOUP
715,123,829,151,952,222,943,255,817,186,713,153,RESTAURANT
359,253,476,201,670,187,670,258,511,282,398,328,PHO
745,187,923,268,895,342,718,264,LE
442,384,554,312,688,310,838,385,820,414,667,351,568,360,460,417,###
946,339,1010,337,1013,409,958,408,###
574,586,665,586,671,621,581,624,413415
106,672,148,670,149,706,106,708,###
152,670,227,673,220,706,151,712,Pho
238,675,281,670,277,714,232,712,Le
293,678,322,673,326,711,287,714,###
