416,264,506,264,595,264,595,301,506,301,416,301,Tradition
685,260,734,260,783,260,783,300,734,300,685,300,1774
606,268,639,268,672,268,672,299,639,299,606,299,seit
56,147,783,130,783,255,38,268,BIRKENSTOCK
813,178,856,134,919,129,987,166,967,188,919,150,865,156,827,195,BIRKENSTOCK
825,209,838,241,857,265,839,277,813,244,806,212,MADE
864,268,893,278,886,296,853,285,IN
907,282,954,268,985,209,1001,214,978,284,908,302,GERMANY
717,532,878,515,883,549,724,564,BIRKENSTOCK
722,562,875,551,881,561,724,576,###
