455,261,476,261,497,261,497,279,476,279,455,279,CAMPUR
445,282,462,282,479,282,479,295,462,295,445,295,BUKE
335,276,354,276,372,276,372,328,354,328,335,328,ICE
58,309,101,295,148,290,149,324,98,329,62,342,SEREMBAN
155,289,185,291,184,325,154,321,ICE
197,293,222,295,247,309,240,341,215,330,191,326,CUBE
113,336,183,336,186,395,113,388,ICE
62,400,252,413,250,443,66,424,TEL0676420167645488
436,214,481,211,487,250,435,253,ZA
430,263,453,261,454,281,430,283,NASI
481,281,498,278,498,297,483,298,9
396,470,451,474,449,528,413,524,###
