241,201,275,201,308,201,308,215,275,215,241,215,SERVICES
268,350,287,350,305,350,305,365,287,365,268,365,69408
222,185,271,185,320,185,320,203,271,203,222,203,CONSULTANCY
249,173,270,173,291,173,291,188,270,188,249,188,TATA
122,305,139,305,155,305,155,318,139,318,122,318,Vehicle
61,300,76,301,77,310,63,311,No
77,300,106,300,107,311,79,311,Entry
63,310,77,311,78,321,63,321,For
80,309,121,309,122,315,81,320,Marathon
218,17,264,61,252,74,206,36,TCS
273,71,297,97,320,125,301,133,284,114,257,84,NEW
329,133,351,166,374,199,357,210,335,176,313,147,YORK
380,209,410,267,390,276,358,219,CITY
412,274,445,359,461,435,443,443,424,367,394,288,MARATHON
335,261,389,374,409,472,382,482,361,386,315,277,WELCOME
62,324,80,325,80,336,65,337,Use
82,324,115,324,117,335,83,335,McClean
119,324,134,324,134,337,119,337,Ave
135,325,155,325,155,335,135,337,Gate
89,355,159,352,162,367,91,372,###
