453,131,488,131,523,131,523,150,488,150,453,150,###
404,110,439,110,474,110,474,128,439,128,404,128,Festival
321,102,394,104,392,128,319,124,Kuching
305,130,377,131,375,147,305,146,Selamat
384,133,446,134,441,156,386,152,Datang
617,110,664,114,667,150,613,150,###
671,116,693,96,724,103,720,119,704,114,682,128,KUCHING
732,107,748,116,769,112,779,125,749,135,725,126,FESTIVAL
528,133,600,134,604,154,530,156,###
693,229,730,237,730,252,692,246,FUN
695,259,738,266,738,278,698,272,GAMES
517,113,557,113,556,133,521,130,2017
123,186,159,185,161,203,122,202,M
693,193,721,194,722,208,696,208,M
