80,204,231,201,203,355,83,352,###
207,249,603,241,623,451,189,470,CHill
375,414,824,394,825,668,380,665,CHill
270,640,305,679,347,704,343,735,276,707,241,665,Bangkok
369,716,407,733,438,738,435,764,393,760,358,744,Kuala
439,738,495,744,536,744,540,769,491,775,441,772,Lumpur
558,736,601,722,628,708,653,735,617,753,564,767,Phnom
645,702,670,691,693,676,718,690,698,713,662,732,Penh
308,750,379,791,347,839,280,800,by
383,786,445,802,500,799,503,847,441,847,372,830,Boat
519,794,606,780,674,741,721,767,632,828,528,842,Noodle
