101,98,153,98,204,98,204,123,153,123,101,123,MOON
89,127,156,127,222,127,222,155,156,155,89,155,CHEESE
83,14,117,14,150,14,150,28,117,28,83,28,INGREDIENTS
178,15,197,15,215,15,215,27,197,27,178,27,CHEESE
154,15,166,15,177,15,177,27,166,27,154,27,JUST
90,86,113,56,149,48,153,63,120,74,100,100,NATURAL
162,49,205,64,225,93,212,98,193,75,162,61,CRUNCHY
126,166,185,168,185,179,126,177,PEPPERJACK
215,181,230,174,243,181,236,191,228,189,211,196,only
198,203,240,191,248,208,204,226,100
241,189,257,183,267,205,251,213,###
217,222,236,222,246,211,259,214,244,235,214,238,cheese
