314,491,328,491,342,491,342,506,328,506,314,506,###
420,489,435,489,449,489,449,506,435,506,420,506,TODAY
227,452,270,452,312,452,312,473,270,473,227,473,TEACHERS
313,477,329,477,344,477,344,494,329,494,313,494,LATTE
384,127,415,127,445,127,445,167,415,167,384,167,###
160,364,209,359,246,360,251,393,213,401,172,427,DAC
255,359,289,361,320,360,324,418,290,403,257,392,BIET
213,417,253,394,301,410,299,435,258,417,218,435,MUA2TANG1
178,459,203,458,224,454,233,473,210,476,180,489,HAPPY
313,456,338,457,340,474,311,473,DAY
236,481,290,478,310,478,314,508,241,507,Mua
349,492,375,482,401,490,397,509,379,502,353,509,LETSBE
349,362,393,357,395,381,356,387,###
