108,132,160,132,212,132,212,166,160,166,108,166,YAMAHA
167,371,213,371,259,371,259,393,213,393,167,393,Storage
538,317,581,317,623,317,623,448,581,448,538,448,B
235,139,275,139,314,139,314,168,275,168,235,168,TOKYO
69,271,99,271,129,271,129,296,99,296,69,296,Boat
108,299,150,299,192,299,192,325,150,325,108,325,Noodle
325,145,378,145,431,145,431,172,378,172,325,172,AVENUE
110,369,136,369,161,369,161,390,136,390,110,390,COLD
780,295,797,295,813,295,813,330,797,330,780,330,###
289,371,322,371,354,371,354,410,322,410,289,410,###
100,37,133,7,174,14,187,53,167,56,158,28,131,26,107,48,###
104,52,122,76,152,81,173,53,187,63,166,94,133,98,103,78,91,53,###
95,34,107,80,129,100,157,95,176,86,188,90,152,112,118,107,84,85,77,38,###
237,48,233,72,247,86,236,100,220,71,224,39,SCIENCE
244,26,273,21,291,29,288,43,270,35,248,38,BRIDGE
284,91,298,73,296,49,308,50,309,84,291,108,ACADEMY
342,41,384,21,435,52,414,65,388,38,346,56,ROBOTICIST
652,157,807,163,804,274,654,274,THE
509,301,532,303,534,352,508,354,lobby
509,352,532,356,532,380,511,380,life
231,294,281,285,323,300,319,312,276,303,230,311,CELEBRITY
246,308,300,305,299,322,245,333,Fitness
364,375,431,379,429,409,359,413,###
321,172,366,177,366,188,319,189,Colour
371,178,396,179,396,193,368,190,Our
400,178,435,179,432,199,398,197,Days
350,327,434,329,436,341,348,337,###
