459,339,487,339,515,339,515,378,487,378,459,378,06
360,242,382,242,404,242,404,258,382,258,360,258,Kindly
577,257,609,257,640,257,640,270,609,270,577,270,counter
588,272,607,272,626,272,626,287,607,287,588,287,buzz
430,195,512,195,594,195,594,214,512,214,430,214,4FINGERS
439,215,503,219,496,238,431,232,CRISPY
503,220,588,223,588,240,503,239,CHICKEN
415,247,474,249,472,267,411,263,proceed
475,251,490,250,490,266,473,265,to
495,251,519,252,518,267,492,266,the
521,251,555,253,554,271,523,270,pick
562,255,578,257,578,271,555,272,up
440,331,457,317,486,316,487,330,465,332,450,342,PAGER
493,316,524,322,543,338,536,351,518,339,490,332,NUMEBR
374,352,391,369,412,373,406,390,379,374,365,362,Powered
416,377,427,384,418,397,404,393,by
430,385,464,394,513,395,511,414,458,408,423,400,Qchannels
523,395,566,385,604,366,616,376,564,404,521,411,60176669579
373,259,414,263,409,280,368,276,when
415,263,444,267,438,282,417,280,the
447,265,493,268,490,287,443,280,device
496,266,532,269,530,288,496,285,light
532,274,552,276,550,290,533,287,up
556,271,585,271,583,288,556,289,and
382,281,427,285,425,302,378,297,Thank
432,289,463,290,456,306,428,306,you
464,286,493,289,491,303,460,304,and
494,287,531,289,529,308,495,305,have
534,294,###
546,295,580,295,579,310,548,308,nice
584,298,613,298,608,319,583,315,day
532,294,548,296,545,313,533,310,a
