353,537,383,537,413,537,413,566,383,566,353,566,Theft
364,565,413,565,462,565,462,588,413,588,364,588,Prostituted
417,543,430,543,442,543,442,565,430,565,417,565,will
444,545,456,545,468,545,468,564,456,564,444,564,be
309,216,421,213,516,243,510,288,421,265,313,253,FROSTY
360,255,480,271,484,301,360,286,COLD
339,292,427,303,487,307,499,343,432,349,336,333,BEER
306,333,418,351,423,370,307,357,TIGERBEER
436,352,519,358,520,384,438,375,GUINNESS
340,363,409,370,411,400,342,399,RM45
459,375,511,381,517,409,460,397,RM55
360,429,382,414,397,444,375,454,5
394,406,442,411,489,433,477,462,444,442,397,438,MUGS
363,475,418,444,478,475,465,489,424,469,378,486,BEFORE7PM
720,130,805,159,808,592,697,592,###
