692,279,770,279,847,279,847,346,770,346,692,346,ENCINO
709,576,726,576,743,576,743,593,726,593,709,593,###
655,573,683,573,711,573,711,596,683,596,655,596,PEDXNG
685,602,716,602,747,602,747,619,716,619,685,619,imports
778,239,809,222,838,215,843,237,814,242,794,255,THE
847,208,911,214,975,244,964,262,906,238,851,231,VALLEYS
789,367,846,396,898,399,899,423,841,418,776,386,MIRACLE
908,395,936,391,961,376,972,394,942,413,911,418,MILE
860,283,963,291,1058,305,1058,356,961,349,863,344,COMMONS
644,621,692,620,693,633,648,634,Status
644,637,740,637,728,732,638,731,###
906,703,930,704,934,732,911,734,###
