523,377,594,377,664,377,664,426,594,426,523,426,TRUST
310,370,368,370,426,370,426,423,368,423,310,423,GORD
440,376,474,376,508,376,508,423,474,423,440,423,WE
422,157,456,157,490,157,490,183,456,183,422,183,Armed
235,371,263,371,291,371,291,418,263,418,235,418,IN
471,295,499,295,526,295,526,313,499,313,471,313,grace
533,296,552,296,571,296,571,314,552,314,533,314,too
416,291,441,291,465,291,465,314,441,314,416,314,And
497,161,518,161,538,161,538,178,518,178,497,178,with
417,219,441,219,465,219,465,250,441,250,417,250,And
542,158,569,159,570,184,540,183,will
473,227,607,232,608,250,470,248,determination
161,160,211,163,251,164,251,203,210,220,168,224,THE
163,226,246,210,375,159,367,206,245,242,168,262,TRAGICALLY
159,266,281,226,374,204,367,346,268,343,167,342,HIP
