193,253,278,253,362,253,362,299,278,299,193,299,Whenever
282,202,335,202,387,202,387,233,335,233,282,233,FREE
224,173,277,173,329,173,329,198,277,198,224,198,PLEASE
280,304,333,304,385,304,385,329,333,329,280,329,HEATHER
168,201,216,201,264,201,264,235,216,235,168,235,FEEl
271,84,329,84,386,84,386,127,329,127,271,127,Together
164,304,211,304,258,304,258,328,211,328,164,328,MANOEI
163,75,208,61,216,82,179,91,WE
219,62,247,60,270,60,274,78,248,77,222,84,ARE
280,57,342,62,393,78,384,94,338,80,281,75,FINALLY
200,107,377,129,370,171,183,179,Forever
295,241,330,241,324,263,291,265,to
342,240,384,238,375,267,337,266,sit
230,331,257,331,258,349,234,351,07
262,335,289,334,288,350,268,351,15
297,333,321,332,321,350,297,348,17
