154,239,185,239,216,239,216,271,185,271,154,271,Boots
147,210,180,190,218,200,216,238,176,241,149,246,inky
70,447,114,442,113,462,69,467,WINNER
118,444,128,440,128,463,118,463,G
130,440,158,439,159,459,127,462,TONY
160,440,210,434,212,456,160,461,AWARDSm
66,469,119,464,120,477,67,481,INCLUDING
119,463,152,462,153,473,123,477,BEST
151,463,207,457,210,469,152,474,MUSICAL
372,41,458,18,458,52,364,77,Winner
367,77,417,66,416,86,367,97,4TONY
417,66,462,56,464,72,418,86,AWRDS
353,111,403,98,398,126,353,138,Best
407,98,487,78,481,107,404,123,Musical
371,153,395,143,414,151,415,195,393,192,371,211,An
341,202,421,188,523,214,500,269,421,237,335,286,American
356,275,415,246,464,246,471,284,427,299,384,335,Paris
331,379,404,358,414,390,338,414,###
612,419,677,413,681,440,610,447,Matilda
70,483,210,471,206,490,72,495,###
