326,325,387,325,447,325,447,365,387,365,326,365,Coffee
452,323,498,323,544,323,544,357,498,357,452,357,Mill
269,211,605,217,597,335,259,311,Anthony
319,395,550,380,551,431,320,436,###
348,447,513,439,518,463,354,478,###
277,356,290,400,305,444,283,457,259,420,249,362,Since
308,451,332,479,368,497,356,529,311,503,291,466,1933
382,503,425,515,470,510,482,535,414,551,367,535,Oldest
488,500,535,463,562,438,580,449,550,503,501,524,Coffee
563,423,577,381,583,348,608,359,598,403,587,435,Mill
840,4,1040,2,1040,37,844,46,###
