341,429,348,429,355,429,355,448,348,448,341,448,of
306,429,323,429,340,429,340,450,323,450,306,450,HOUSE
211,154,267,143,324,155,330,173,264,162,216,177,HOUSE
252,168,287,168,288,188,252,188,OF
214,185,272,191,324,188,327,210,265,214,211,207,MOUSE
327,406,374,404,375,417,329,418,PAYHERE
465,417,515,417,515,437,466,441,TodaysSpecial
467,457,489,452,492,471,473,476,1Ride
501,457,519,453,521,467,504,471,150
471,484,493,482,495,497,475,498,4Rides
503,481,512,479,515,492,505,496,5
357,430,387,428,387,448,358,450,MOU
