348,664,352,639,384,635,383,657,IN
353,631,361,607,379,576,408,583,389,616,384,637,CASE
389,565,414,540,434,560,415,583,OF
424,532,447,513,476,501,484,530,462,543,442,555,FIRE
482,501,520,489,520,524,494,529,DO
530,485,554,485,573,492,563,520,547,517,524,517,NOT
579,489,599,497,617,516,590,538,581,528,563,521,USE
614,514,629,533,627,549,605,563,598,545,587,537,THE
630,551,630,581,626,595,607,596,610,584,603,561,LIFT
379,678,424,704,522,688,562,648,587,616,618,625,567,682,514,714,426,732,360,698,###
26,488,114,538,138,652,43,584,###
