254,303,315,300,369,321,358,347,311,327,257,331,CAVIAR
382,329,442,404,430,510,399,491,411,421,363,349,PETROSSIAN
346,547,373,533,401,500,422,512,402,544,360,565,PARIS
175,422,175,448,182,473,164,480,156,452,161,423,CAVIAR
197,353,207,339,224,336,231,348,221,353,209,363,125
209,474,243,520,233,535,190,490,###
230,312,161,367,140,458,174,549,267,596,348,576,342,562,289,574,202,536,167,487,158,414,184,361,246,320,###
172,385,192,356,204,366,186,394,###
179,475,183,485,193,499,184,510,170,497,164,481,MAL
204,518,224,530,219,543,194,534,OL
253,550,278,557,277,573,246,560,###
280,554,298,558,320,553,319,572,300,576,274,569,438OZ
