24,127,52,127,79,127,79,187,52,187,24,187,St
899,172,927,172,955,172,955,210,927,210,899,210,Whistle
343,153,374,153,405,153,405,173,374,173,343,173,SEAFOOD
590,182,615,182,640,182,640,207,615,207,590,207,144
293,151,316,151,338,151,338,173,316,173,293,173,STEAK
656,101,667,101,677,101,677,133,667,133,656,133,###
642,182,656,182,669,182,669,206,656,206,642,206,W
132,88,391,91,394,118,132,108,###
94,136,287,142,291,186,96,185,ANDREWS
119,208,202,202,205,220,123,226,KITCHEN
207,204,251,200,253,217,209,224,OPEN
254,203,294,198,298,217,255,219,LATE
143,363,163,359,166,383,153,389,P
291,325,312,326,311,341,296,341,A
452,190,486,165,503,193,472,215,Pig
492,162,505,151,515,172,501,179,n
504,140,545,119,595,107,600,134,557,146,522,166,Whistle
602,104,630,103,649,106,654,132,627,133,607,136,Pub
685,107,747,133,825,190,806,214,731,156,681,140,Restaurant
513,224,625,234,514,253,###
553,260,635,258,639,286,561,297,Upstairs
857,177,889,177,888,220,860,220,Pig
887,183,905,181,904,211,892,212,n
957,176,982,174,985,206,962,207,Pub
983,176,997,175,999,206,987,206,###
998,175,1039,175,1036,201,997,205,Restaur
919,224,952,221,953,249,922,257,Live
953,221,999,222,997,246,959,250,House
867,277,926,268,929,297,864,307,Kitchen
928,265,963,264,968,294,931,300,Open
967,260,999,257,1000,283,968,289,Until
996,258,1022,253,1024,281,998,285,2am
