569,345,588,345,607,345,607,424,588,424,569,424,###
314,309,345,226,401,163,441,191,399,250,359,344,BANH
418,150,496,101,596,87,608,127,513,145,459,185,TRANG
619,82,698,95,736,127,725,158,680,130,620,121,XUAT
747,137,816,183,867,230,828,251,785,206,737,165,KHAU
432,276,487,210,562,169,576,200,511,240,462,301,EXPORT
582,166,617,161,667,164,666,198,629,186,591,200,RICE
680,168,729,193,768,225,763,254,722,220,672,197,PAPER
539,255,641,237,645,270,549,284,THUONG
647,239,702,232,701,266,650,274,HANG
382,436,438,422,443,440,393,457,BICH
446,421,484,415,488,432,451,444,CHi
363,559,464,519,475,555,380,596,BICH
473,511,546,490,552,525,491,550,CHi
585,330,618,299,685,310,674,338,633,317,607,351,VIETNAM
620,344,663,333,673,355,628,370,2009
606,422,630,440,658,446,655,469,627,463,600,443,CHAT
666,446,697,427,710,396,727,399,711,445,666,467,LUONG
690,348,704,343,728,388,711,394,CAO
866,455,886,450,895,471,870,480,KL
893,444,927,436,933,461,906,470,Tinh
935,436,975,421,977,448,945,458,300g
891,370,926,355,953,382,902,399,###
636,596,677,581,691,600,660,608,AN
689,576,757,550,753,573,701,595,THUC
755,549,823,527,823,551,765,568,PHAM
827,525,881,507,886,526,836,544,BICH
885,505,919,497,927,512,890,526,CHI
722,597,923,551,905,606,###
