316,205,376,205,435,205,435,235,376,235,316,235,VABRET
283,84,347,84,410,84,410,116,347,116,283,116,MARAIS
190,230,227,230,263,230,263,246,227,246,190,246,Melleur
374,235,402,235,430,235,430,249,402,249,374,249,France
238,84,259,84,280,84,280,115,259,115,238,115,DU
271,234,305,234,339,234,339,249,305,249,271,249,Ouvrier
347,236,358,236,368,236,368,248,358,248,347,248,de
151,76,193,61,200,93,160,105,AU
204,59,242,49,294,47,292,75,249,80,214,90,PETIT
303,47,409,46,511,75,501,104,405,80,308,75,VERSAILLES
191,198,310,206,312,231,194,227,Christian
