467,471,483,471,499,471,499,483,483,483,467,483,Hotel
373,459,397,459,421,459,421,472,397,472,373,472,German
417,473,430,473,443,473,443,486,430,486,417,486,Old
193,71,426,91,424,145,194,131,COMING
456,99,657,110,659,159,455,147,EVENTS
309,351,423,328,536,308,535,354,419,376,306,400,hotbrauhaus
345,461,369,461,374,473,351,478,The
427,458,483,453,486,465,427,475,Experience
324,478,341,478,341,491,327,491,at
347,479,365,479,365,490,345,492,the
365,476,416,475,416,489,372,494,Handorf
442,472,468,470,470,486,447,489,Mill
