387,41,405,41,423,41,423,64,405,64,387,64,203
33,246,47,246,60,246,60,263,47,263,33,263,KS
9,279,26,279,43,279,43,293,26,293,9,293,Mrs
46,280,68,280,89,280,89,293,68,293,46,293,Mason
171,163,424,72,662,150,560,282,421,181,211,264,Harvesting
274,307,430,357,404,466,222,414,great
440,348,575,298,623,385,466,451,skills
33,307,69,310,70,328,37,328,and
6,337,34,337,36,355,9,360,Mrs
45,337,97,339,99,360,45,357,Langstan
15,424,100,426,105,531,30,529,###
211,480,291,477,297,522,220,534,###
355,504,466,505,455,547,346,549,###
502,469,611,498,589,540,488,519,###
240,623,363,598,366,643,243,659,###
400,626,503,652,476,689,386,667,###
529,568,623,635,602,671,490,616,###
198,757,297,724,309,767,225,790,###
352,752,463,757,457,814,364,814,###
500,742,605,755,590,791,494,779,###
192,902,319,869,321,911,207,935,###
367,902,472,892,478,929,369,938,###
508,863,619,904,599,938,494,905,###
196,1012,318,995,325,1031,208,1045,###
357,1018,473,1007,470,1043,370,1049,###
490,1013,590,998,595,1051,503,1067,###
