475,141,540,141,605,141,605,200,540,200,475,200,BUTT
857,166,903,166,948,166,948,222,903,222,857,222,BUTT
196,232,235,232,274,232,274,253,235,253,196,253,POWDER
493,208,529,208,564,208,564,229,529,229,493,229,FRICTION
132,233,163,233,193,233,193,254,163,254,132,254,Friction
521,501,537,501,552,501,552,518,537,518,521,518,and
893,231,912,231,931,231,931,252,912,252,893,252,Rash
827,230,859,230,891,230,891,254,859,254,827,254,Diaper
571,208,602,208,632,208,632,227,602,227,571,227,Powder
456,206,473,206,489,206,489,227,473,227,456,227,Anti
566,232,583,232,600,232,600,254,583,254,566,254,with
105,42,152,24,190,26,200,83,150,79,116,95,Anti
86,112,174,79,306,123,269,184,172,148,93,174,Monkey
121,163,175,155,240,160,236,226,177,215,132,227,Butt
109,230,134,230,136,248,114,250,Anti
210,259,248,254,250,276,217,277,with
255,255,344,251,342,269,255,277,Calamine
141,489,157,512,184,526,182,546,150,529,136,508,Absorber
189,529,214,530,215,551,183,548,and
221,528,247,525,278,514,289,528,254,546,222,550,Friction
284,506,309,492,329,467,349,477,327,509,302,523,Fighter
468,15,536,4,612,21,585,78,539,62,488,69,lady
412,109,441,74,495,74,499,139,466,140,425,163,Anti
504,68,605,63,687,110,653,166,596,135,501,128,Monkey
605,230,669,225,668,247,607,253,Calamine
619,296,662,293,660,316,618,321,Satin
619,321,674,314,675,334,Smooth
436,435,444,454,461,468,455,487,438,468,427,450,SWEAT
468,469,489,491,520,497,519,519,479,507,458,489,Absorber
561,499,585,495,610,482,624,491,587,517,565,519,Friction
617,475,635,459,649,437,665,443,651,474,625,490,Fighter
869,45,923,39,966,67,947,113,922,93,873,94,Baby
767,134,824,100,882,103,878,168,825,171,784,191,Anti
893,97,968,104,961,167,885,151,Monk
935,227,957,230,958,249,933,252,Powd
919,257,942,254,939,274,916,279,with
778,449,802,474,824,486,820,503,783,488,759,466,Moisture
831,484,858,493,879,493,884,510,849,515,820,501,Absorber
879,494,902,485,907,501,886,510,and
903,484,919,477,927,462,935,470,923,494,911,499,###
268,3,387,17,404,157,###
721,492,797,514,798,537,717,521,NETWT6oz170g
392,445,416,439,425,484,468,513,467,547,360,553,###
682,462,713,477,705,491,678,479,###
981,168,1050,198,971,299,955,289,###
1060,203,1076,205,1078,301,1021,287,###
