362,429,441,429,519,429,519,498,441,498,362,498,AWAY
359,227,441,227,523,227,523,302,441,302,359,302,FOOD
354,350,440,350,526,350,526,425,440,425,354,425,PUSH
406,304,449,304,492,304,492,344,449,344,406,344,JUST
344,139,438,139,532,139,532,222,438,222,344,222,GOOD
421,4,485,4,548,4,548,51,485,51,421,51,###
357,305,376,305,394,305,394,346,376,346,357,346,IS
494,303,510,303,525,303,525,352,510,352,494,352,A
68,218,159,193,228,220,223,247,156,223,83,242,FOODHALL
139,236,167,236,169,254,142,253,FOR
46,253,273,242,257,295,39,321,Home
49,324,263,296,237,375,47,396,Food
81,387,153,412,223,380,238,410,151,448,62,419,MAKERS
