378,229,540,209,692,196,689,274,530,257,379,302,SWENSENS
389,308,411,293,431,287,438,312,425,317,404,328,ICE
436,281,471,268,513,262,511,286,464,296,440,305,CREAM
557,260,620,268,671,291,649,320,604,292,549,285,Factory
390,343,418,328,450,326,448,342,422,343,393,357,INTHERICH
449,323,477,328,502,337,501,349,477,345,447,342,TRADITION
548,343,564,346,585,352,581,367,556,362,542,360,OFOLD
586,349,600,354,607,356,603,374,592,374,578,369,SAN
610,355,639,356,671,346,671,362,643,373,607,372,FRANCISCO
103,192,174,239,171,265,91,224,SWENSENS
22,264,228,249,218,340,12,349,###
8,372,83,357,85,376,8,396,###
123,342,217,336,215,371,120,369,###
