255,212,261,198,281,182,282,197,270,205,260,226,WORLDS
288,182,302,180,323,185,317,201,301,193,286,194,OLDEST
329,188,350,207,361,228,351,234,340,212,322,199,BREWERY
253,265,306,253,375,261,366,288,302,284,253,297,ihenstephaner
255,307,291,295,335,298,329,314,291,313,260,321,HEFEWEISSBIER
265,318,288,311,313,314,316,329,290,328,269,335,DUNKEL
253,335,265,344,281,348,279,365,257,360,247,350,PREMIUM
282,348,312,342,336,324,347,335,321,357,285,366,BAVARICUM
425,217,432,201,444,204,438,225,THE
436,196,448,179,474,172,479,180,455,192,447,206,WORLDS
482,168,501,170,517,177,514,193,496,183,482,183,OLDEST
519,183,539,203,544,231,532,235,525,210,513,199,BREWERY
412,249,490,239,551,259,548,291,487,273,418,288,Weihenstephaner
471,285,508,285,506,301,470,303,HEFE
452,302,520,302,521,318,458,315,WEISSBIER
465,315,513,317,512,327,466,326,###
442,317,458,328,482,335,482,353,449,343,433,332,PREMIUM
484,334,509,333,530,319,540,329,519,351,487,352,BAVARICUM
565,218,572,198,586,206,578,223,THE
577,193,591,176,617,166,623,178,599,187,589,201,WORLDS
620,163,644,169,659,178,652,189,642,180,623,179,OLDEST
662,179,676,198,680,226,671,228,664,204,651,192,BREWERY
560,248,636,237,685,250,686,278,626,264,562,283,Weihenstephaner
602,281,663,279,663,295,611,295,KRISTALL
600,296,665,296,665,309,604,310,WEISSBIER
615,310,659,308,659,321,###
589,311,605,325,630,327,632,342,602,338,582,323,PREMIUM
637,326,662,328,675,314,681,323,661,344,635,345,BAVARICUM
729,124,784,117,865,347,759,351,###
409,407,520,423,517,441,411,428,basilpastahouse
398,436,519,451,517,469,399,453,WEIHENSTEPHAN
385,454,416,458,416,475,387,472,HEFE
419,459,473,464,473,481,420,477,KRISTALL
479,465,523,475,520,487,482,484,DUNKEL
481,485,537,494,537,514,479,505,Rm2800
