111,331,133,331,154,331,154,352,133,352,111,352,###
98,44,180,16,182,44,95,77,RESTORAN
112,99,268,49,269,124,116,171,KOREAN
287,43,400,8,413,85,290,119,BBQ
431,26,483,10,484,39,433,58,SEOUL
487,10,510,3,554,3,555,22,492,41,GARDEN
355,110,395,99,398,118,354,133,2100
304,124,346,113,349,135,311,145,7984
279,132,300,126,303,145,284,152,03
237,144,265,137,266,153,239,160,TEL
82,291,85,246,106,225,136,224,135,245,115,241,103,258,101,294,KOREAN
148,236,171,269,167,312,148,304,152,275,138,251,BBQ
233,448,400,436,402,484,234,492,RESTORAN
412,434,553,421,553,474,415,483,KUCHAI
