1086,266,1116,266,1146,266,1146,294,1116,294,1086,294,STAG
676,284,718,284,760,284,760,308,718,308,676,308,STAGE
60,70,108,80,159,66,178,88,114,115,48,97,SOLERA
475,53,525,70,571,52,596,67,535,107,463,84,SOLERA
870,54,919,66,970,54,991,76,927,105,861,85,SOLERA
8,246,31,306,7,311,###
198,300,209,231,249,195,269,221,241,256,229,298,LIQUID
269,181,313,175,356,187,345,215,308,204,275,215,GOLD
370,190,415,231,431,294,396,292,388,256,356,220,TOKAY
262,284,331,281,331,304,264,307,STAGE
341,280,361,280,364,302,348,303,3
267,361,316,375,363,358,387,380,327,408,250,391,SOLERA
613,295,626,239,664,198,688,220,658,259,648,304,LIQUID
688,189,730,178,778,189,769,223,723,210,698,220,GOLD
766,288,779,288,781,307,767,309,3
789,198,834,237,845,301,818,301,806,261,777,232,TOKAY
1018,282,1029,225,1072,181,1091,200,1061,244,1051,289,LIQUID
1093,168,1142,157,1147,195,1106,202,GO
1094,348,1120,360,1144,360,1149,395,1107,395,1075,378,SOL
681,365,728,379,786,369,805,387,738,419,666,397,SOLERA
6,591,14,539,56,492,80,516,49,550,34,603,LIQUID
80,480,117,473,169,486,158,518,122,507,90,515,GOLD
185,495,227,537,235,598,203,593,194,550,167,524,TOKAY
69,586,140,585,138,606,68,607,STAGE
148,583,166,585,168,605,150,604,2
68,663,111,681,170,663,186,693,108,719,50,694,SOLERA
402,590,417,528,458,490,481,514,449,548,435,600,LIQUID
478,481,524,470,579,489,557,514,524,506,490,513,GOLD
587,491,628,542,639,599,608,592,595,548,568,520,TOKAY
469,579,539,581,540,604,470,605,STAGE
550,582,571,583,572,605,553,603,2
467,661,522,680,572,661,597,685,521,714,446,689,SOLERA
830,597,841,533,876,499,901,516,869,564,857,607,LIQUID
904,484,940,472,992,484,982,514,946,507,915,516,GOLD
1011,492,1055,537,1067,597,1036,597,1026,555,995,522,TOKAY
897,587,968,586,972,607,900,610,STAGE
977,587,997,587,1000,607,982,609,2
211,857,223,833,259,813,266,837,248,853,246,863,UID
269,801,314,792,360,805,348,837,313,827,278,836,GOLD
899,663,954,684,1002,667,1029,691,960,714,893,702,SOLERA
383,812,399,833,414,856,380,859,368,852,359,847,TO
629,854,644,827,674,805,693,828,679,842,667,859,UID
694,793,733,784,787,796,770,825,734,816,705,824,GOLD
806,803,831,828,844,861,819,863,806,848,785,836,TOK
1059,852,1076,823,1108,805,1128,822,1114,842,1102,864,UID
