126,539,244,539,361,539,361,592,244,592,126,592,7COFFEE
398,918,427,918,455,918,455,949,427,949,398,949,###
377,889,414,889,450,889,450,915,414,915,377,915,###
215,416,241,416,267,416,267,434,241,434,215,434,COFFEE
157,493,243,493,329,493,329,524,243,524,157,524,###
193,431,195,392,227,371,236,388,219,403,213,435,SEVEN
238,368,283,383,295,430,275,433,266,402,235,394,ELEVEN
212,449,243,458,271,447,286,461,248,484,209,470,COFFEE
118,613,352,611,359,668,113,665,###
162,683,303,684,303,705,169,708,###
106,836,146,848,189,841,196,864,148,875,106,863,7COFFEE
130,368,162,363,164,399,137,400,7
