51,25,93,33,92,58,46,53,25
305,7,379,20,386,50,306,35,futu
103,35,145,40,143,62,104,60,26
155,45,296,64,298,85,148,67,novembre
65,53,225,77,225,107,64,87,ELEZIONI
236,75,460,109,461,133,237,106,UNIVERSITARIE
95,104,240,116,240,152,96,138,pretendi
247,126,286,132,286,148,251,149,un
292,129,421,141,419,166,293,150,universita
63,140,195,152,200,180,60,169,pubblica
213,156,315,165,317,193,213,182,gratuita
322,169,337,170,341,191,322,187,e
343,168,362,170,363,193,343,191,di
368,166,456,175,457,203,370,198,qualita
341,203,375,208,376,232,343,230,per
381,201,442,208,442,236,379,235,tuttie
536,226,587,233,589,246,533,238,antifascista
55,395,69,298,139,237,157,264,100,319,89,407,COLLETTIVI
156,233,186,223,198,253,173,261,iN
211,223,306,247,365,325,339,340,292,278,213,250,MOViMENTO
138,489,207,511,266,507,279,533,190,546,115,509,ANOMALIA
286,495,322,450,338,398,373,395,340,483,298,520,SAPiENZA
35,586,156,583,169,622,27,625,LOTTA
176,579,359,576,368,609,179,620,PARTECIPA
370,574,453,567,465,604,379,609,VOTA
55,653,244,635,245,664,62,687,COLLETTIVI
250,636,284,632,284,660,251,664,IN
289,634,457,613,459,642,295,659,MOVIMENTO
162,671,314,657,316,681,154,696,ANOMALIA
325,657,453,647,463,669,326,682,SAPIENZA
385,326,405,323,412,362,393,361,ILm
405,325,448,330,451,363,412,362,NOST
394,373,412,372,415,410,403,412,E
414,372,452,373,451,406,421,414,COM
561,523,585,522,590,627,552,623,###
