389,417,436,417,482,417,482,446,436,446,389,446,ENTER
171,414,207,414,242,414,242,441,207,441,171,441,JOIN
358,417,372,417,385,417,385,445,372,445,358,445,to
272,418,315,418,357,418,357,443,315,443,272,443,SCAN
249,414,260,414,270,414,270,445,260,445,249,445,###
139,122,197,104,269,92,266,133,208,148,149,162,1000s
288,97,322,89,324,130,286,133,of
337,91,440,98,525,132,511,161,429,139,333,133,REASONS
154,172,201,158,221,195,177,213,to
223,144,350,131,502,165,488,217,348,188,231,195,CELEBRATE
170,232,310,203,495,241,461,316,316,289,196,317,1000s
158,332,196,320,211,358,178,366,of
214,315,282,300,349,304,346,345,283,340,222,356,PRIZES
358,305,403,311,396,347,360,344,to
410,310,453,319,493,337,478,373,441,359,411,351,WIN
249,455,402,455,399,470,253,466,###
