89,199,111,152,152,133,157,153,130,171,110,210,FOREST
173,131,221,152,243,202,225,210,204,172,165,152,SERVICE
105,252,123,290,151,314,141,331,101,301,84,261,BRITISH
155,316,203,303,224,256,248,249,225,321,162,342,COLUMBIA
301,172,547,175,552,234,296,227,Columbia
300,241,467,240,478,295,290,289,Forest
494,244,688,246,691,288,490,293,District
708,17,732,9,733,43,708,52,BTS
744,7,765,3,767,16,741,25,TORO
782,28,810,21,809,37,784,44,DEPOSIT
786,45,809,38,807,57,787,62,HERE
764,13,795,1,797,17,763,27,SUBWAY
735,53,768,44,770,60,732,66,###
775,81,809,75,809,96,775,98,###
