151,354,277,402,382,324,451,367,298,474,58,414,joanie
145,442,244,474,328,459,337,489,226,509,132,472,RECRUITMENT
340,456,374,433,392,450,357,475,VP
67,580,211,652,348,572,406,629,207,742,6,671,grace
75,700,100,718,141,728,127,761,88,751,43,727,ASST
145,731,243,731,333,686,349,707,252,773,129,763,RECRUITMENT
345,683,363,659,389,619,419,635,397,671,361,710,CHAIR
446,478,596,536,700,444,730,548,584,617,392,508,mallory
487,587,593,614,658,598,671,626,574,647,481,619,RECRUITMENT
659,596,680,589,715,553,733,572,712,605,682,623,CHAIR
286,6,733,4,733,127,383,105,###
