444,1146,565,1146,686,1146,686,1214,565,1214,444,1214,MUSEUM
439,734,542,734,645,734,645,787,542,787,439,787,Steinbeck
301,1149,364,1149,427,1149,427,1214,364,1214,301,1214,WAX
417,461,560,461,702,461,702,553,560,553,417,553,SEINBECK
289,663,379,663,469,663,469,719,379,719,289,719,Spanish
279,594,356,594,432,594,432,645,356,645,279,645,Journey
265,466,338,466,410,466,410,554,338,554,265,554,JOHN
477,670,577,670,676,670,676,717,577,717,477,717,Discovery
328,735,380,735,431,735,431,788,380,788,328,788,John
540,875,615,875,689,875,689,920,615,920,540,920,Turbulent
511,139,556,139,601,139,601,194,556,194,511,194,Come
532,827,590,827,648,827,648,874,590,874,532,874,Voyage
364,878,442,878,520,878,520,922,442,922,364,922,Monterey
569,277,639,277,709,277,709,346,639,346,569,346,Cannery
617,136,660,136,702,136,702,195,660,195,617,195,Back
543,349,584,349,624,349,624,415,584,415,543,415,Row
608,590,655,590,702,590,702,638,655,638,608,638,Past
572,922,605,922,638,922,638,967,605,967,572,967,Past
449,602,487,602,525,602,525,641,487,641,449,641,into
494,271,527,271,560,271,560,345,527,345,494,345,The
537,594,569,594,601,594,601,639,569,639,537,639,the
555,190,598,190,641,190,641,274,598,274,555,274,Time
819,505,839,505,859,505,859,532,839,532,819,532,FIRE
509,202,552,202,554,264,515,269,In
654,207,693,213,696,266,661,271,to
627,347,669,347,669,423,630,423,of
437,640,492,640,498,668,443,668,from
493,643,538,643,537,668,493,669,the
471,714,507,713,509,732,475,733,to
333,828,364,828,364,866,339,864,A
372,828,409,830,411,869,372,870,20
417,827,526,827,526,866,420,867,Minute
291,873,358,872,361,917,299,918,into
345,923,397,922,397,964,345,965,and
406,918,566,922,570,970,406,970,Fascinating
235,1066,319,1018,398,999,398,1063,333,1085,260,1126,SPIRIT
411,999,467,979,465,1048,423,1052,of
479,971,607,989,741,1068,719,1126,604,1060,478,1040,MONTEREY
826,531,853,531,848,690,826,686,EXTINGUISHER
