125,355,198,355,270,355,270,374,198,374,125,374,CONSTRUCTIONS
77,442,119,442,161,442,161,468,119,468,77,468,PhFax
88,471,110,471,132,471,132,485,110,485,88,485,###
250,468,263,468,275,468,275,480,263,480,250,480,###
277,466,292,466,306,466,306,480,292,480,277,480,###
212,468,230,468,248,468,248,483,230,483,212,483,###
164,376,179,376,194,376,194,386,179,386,164,386,PTY
74,340,191,316,314,337,298,370,191,348,91,376,SCHOLZ
196,375,233,370,235,391,203,394,LTD
83,399,301,394,301,426,91,418,BUILDERS
118,427,271,420,271,442,###
169,445,317,435,317,469,169,475,0883983606
