261,172,357,172,358,193,259,192,SCRATCH
252,192,313,211,369,190,378,226,307,252,241,225,SMILE
269,242,304,256,341,242,344,268,304,272,268,260,CONTEST
204,580,253,589,250,612,195,601,JOM
266,589,315,596,348,596,359,620,307,620,270,615,PIZZA
205,603,228,611,254,615,254,635,223,631,197,622,MAKAN
256,618,275,622,299,622,299,637,276,637,256,635,WITH
300,625,323,623,326,646,300,646,US
326,623,357,622,363,641,326,645,AND
189,619,218,630,235,629,234,649,205,643,185,634,STAND
241,633,256,635,253,653,234,654,A
254,635,283,642,308,642,311,664,276,660,254,653,CHANCE
311,645,338,641,340,660,314,664,TO
338,643,373,642,379,664,345,665,WIN
138,620,195,642,247,653,247,679,186,667,132,643,RM35000
250,657,281,661,277,685,246,681,X
277,662,306,664,308,688,281,687,10
312,662,372,665,424,657,436,684,371,690,318,687,WINNERS
405,741,426,746,428,770,405,765,35
