82,298,118,268,163,247,170,268,137,282,98,322,FRESH
167,241,242,213,329,213,328,238,247,238,178,264,HANDMADE
338,210,436,237,497,273,487,300,415,256,338,240,COSMETICS
196,343,388,339,376,405,194,417,1000
73,444,533,420,542,481,59,513,MILLIHELENS
232,723,376,717,382,762,244,768,LUSH
128,754,158,777,200,796,194,816,145,796,118,774,FRESH
206,801,271,816,349,814,356,837,265,841,202,825,HANDMADE
364,808,434,789,494,747,509,766,442,811,362,835,COSMETICS
158,562,253,558,251,589,160,591,JELLY
260,559,338,556,338,582,259,583,FACE
347,556,440,555,443,580,350,585,MASK
118,603,161,600,166,624,124,625,Get
164,600,217,598,218,622,169,625,back
220,598,257,598,260,622,221,624,the
257,598,308,597,310,616,260,619,skin
313,600,353,598,355,618,311,619,you
361,595,434,592,433,616,359,619,mythd
440,594,484,589,490,609,440,613,with
88,630,157,628,157,649,89,658,toning
158,631,217,630,218,651,161,652,witch
223,628,280,625,284,646,224,649,hazel
287,630,326,627,326,645,290,648,and
332,625,454,622,457,642,332,645,antioxidant
460,624,524,621,524,646,463,646,green
161,657,197,658,196,681,163,681,tea
206,658,254,654,254,679,211,679,why
259,657,295,658,296,678,262,679,not
301,657,346,652,349,676,305,679,give
344,652,367,651,370,676,352,679,it
371,658,389,655,388,675,371,676,a
388,652,439,652,437,675,397,676,Troy
