557,256,573,256,589,256,589,268,573,268,557,268,###
131,40,179,36,181,57,137,65,the
97,54,224,52,221,87,96,101,SIMPSONS
94,99,227,84,229,121,91,152,RIDE
333,88,390,55,467,48,555,78,539,113,464,88,404,94,358,117,KRUSTYLAND
44,269,62,266,74,268,75,278,61,278,50,281,HIT
74,266,91,269,87,281,72,279,IT
160,269,187,266,187,275,165,277,SHOOT
167,276,180,276,180,285,166,287,THE
182,276,204,275,204,288,183,287,STARS
293,270,313,272,311,285,292,286,IN
318,273,335,273,351,268,353,285,335,285,321,286,YOUR
357,266,387,264,389,283,363,282,EY
534,264,554,258,560,269,541,277,THE
183,226,202,225,205,252,185,253,K
