994,724,1008,724,1021,724,1021,746,1008,746,994,746,###
993,699,1008,699,1022,699,1022,722,1008,722,993,722,###
121,23,499,8,836,9,882,204,483,59,117,283,BULLWACKERS
281,268,287,206,322,155,344,175,323,221,307,273,PUB
373,94,509,63,625,121,690,270,649,276,599,155,490,102,387,134,RESTAURANT
325,141,346,120,374,138,351,166,###
180,311,786,333,765,509,181,483,COOPERS
405,488,435,514,478,523,480,541,424,529,397,501,VITTLES
482,520,499,518,502,543,491,545,###
498,522,524,509,542,498,557,509,534,528,502,540,ALES
328,491,366,537,427,570,403,592,340,548,308,503,CANNERY
434,572,452,576,490,575,488,603,456,603,428,594,ROW
503,576,569,549,621,497,639,522,581,583,505,603,MONTEREY
216,580,829,603,838,670,219,649,COCKTAILS
