201,721,233,721,265,721,265,753,233,753,201,753,my
48,499,71,492,84,466,117,492,88,509,63,520,MON
91,462,101,431,127,440,110,483,FRI
50,533,81,515,112,494,130,505,99,535,60,549,1100am
110,476,127,442,149,423,164,426,151,470,131,502,100pm
39,569,89,545,110,580,55,621,Last
97,543,130,522,151,549,109,575,call
89,598,144,561,162,587,102,632,145pm
167,447,216,418,265,401,279,431,224,457,193,483,LUNCH
468,390,514,413,551,432,523,481,497,442,457,419,DINNER
551,440,589,445,584,468,548,465,TUE
602,445,636,457,629,484,592,471,SUN
548,460,606,470,606,488,543,488,500pm
572,484,626,486,626,525,577,520,1015pm
179,556,284,556,390,507,388,592,283,618,182,631,Serving
193,644,299,603,345,590,367,616,286,660,200,706,Humble
242,670,306,639,366,611,393,639,330,683,265,712,BURGERS
385,478,436,475,442,629,392,627,SELLING
439,514,476,514,481,610,445,605,real
478,494,510,496,523,637,480,639,experience
278,710,351,693,411,650,424,697,366,745,271,766,Burger
423,631,520,637,510,688,414,697,Lab
232,810,372,751,510,727,509,766,375,826,234,886,HEAPINGHELPING
419,797,460,792,455,824,416,831,OF
365,842,488,822,496,848,359,866,CUSTOMER
317,866,434,858,507,844,516,872,412,892,323,892,SUGGESTION
102,757,158,808,132,837,73,786,Passion
574,766,618,738,638,755,594,789,love
574,546,629,616,605,629,531,559,Lastcall
565,584,608,649,580,665,540,598,1005pm
