521,153,741,159,752,290,522,291,20
569,232,629,225,692,234,692,257,627,248,573,254,YEARS
195,476,325,447,466,432,483,514,331,519,220,543,Tokyo
510,415,799,423,1047,490,1016,571,801,521,499,502,Disneyland
512,546,585,531,746,560,732,593,607,583,504,581,CHRISTMAS
520,586,726,589,724,625,517,622,FANTASY
574,625,669,626,675,654,580,655,2003
533,308,551,320,538,337,521,319,THE
550,316,574,327,608,337,608,360,563,347,540,336,KINGDOM
607,340,625,342,625,361,610,362,OF
628,337,656,338,673,332,682,348,658,359,630,359,DREAMS
685,330,701,322,724,306,737,326,720,339,690,349,MAGIC
