499,167,513,167,527,167,527,183,513,183,499,183,Binh
121,168,136,168,151,168,151,182,136,182,121,182,Xuan
121,185,137,185,153,185,153,200,137,200,121,200,2016
500,185,515,185,530,185,530,199,515,199,500,199,Than
335,134,347,134,358,134,358,156,347,156,335,156,Co
206,156,222,146,240,144,241,165,226,167,210,175,Cho
243,146,263,141,286,141,283,161,266,162,248,165,Gom
289,137,309,133,332,137,331,159,315,156,289,159,Lang
365,137,378,139,393,148,391,164,381,159,363,157,Bai
398,146,421,154,443,165,439,181,422,171,391,168,Trang
220,174,237,168,257,164,260,181,246,184,220,194,POTTERY
255,164,274,158,294,161,294,176,280,177,261,184,MARKET
293,160,308,161,309,177,295,181,OF
311,160,330,159,355,162,352,180,334,173,310,179,BATTRANG
355,162,376,162,393,168,390,180,377,176,356,175,ANCIENT
396,167,415,174,430,182,427,195,409,187,394,183,VILLAGE
169,160,189,152,195,166,178,170,BAT
167,170,199,160,204,174,172,185,Trang
