424,89,558,74,567,190,438,208,50
575,40,624,35,626,56,570,67,enjoy
566,75,619,64,630,129,576,138,###
574,145,627,135,627,173,575,182,off
434,218,473,212,473,229,436,234,your
477,210,537,197,538,217,479,229,second
543,201,614,189,615,206,543,221,purchase
726,430,749,423,768,431,767,449,753,443,732,448,FIXEC
772,429,806,451,827,477,816,491,793,467,768,451,PRICE
756,455,794,474,790,487,755,477,EASY
746,473,790,489,791,508,747,491,STEPS
759,613,796,630,795,645,761,627,CHOOSE
757,659,790,674,789,691,756,674,CHECK
532,264,631,247,631,256,537,275,###
429,248,550,227,523,266,428,277,###
502,286,632,267,636,297,515,322,###
