80,145,197,110,283,157,273,200,202,165,93,197,Ambro
152,174,191,168,254,184,256,194,199,179,152,187,###
129,285,270,305,268,353,116,331,Semolin
165,338,259,355,261,371,162,357,###
311,172,399,137,505,177,505,240,428,187,315,218,Ambrosio
357,86,447,95,486,111,488,127,428,109,364,103,###
355,131,410,118,497,148,494,163,413,130,360,139,###
359,197,420,183,487,218,484,225,419,193,363,206,###
388,298,451,305,455,330,391,328,Rice
354,323,478,335,474,371,354,353,Pudding
384,356,458,365,460,375,386,371,###
528,147,631,93,732,136,731,191,654,149,541,189,Ambrosi
583,168,633,146,697,163,731,191,728,201,688,174,637,158,590,177,###
621,263,700,269,698,303,630,299,Light
566,300,626,298,629,325,570,325,Rice
630,297,697,306,728,318,727,344,682,332,636,326,Pudding
608,331,704,341,708,356,611,348,###
741,165,812,100,935,116,965,148,962,200,916,158,834,147,751,215,Ambrosia
787,179,836,150,903,153,941,174,936,183,901,170,838,164,793,189,###
811,263,924,261,929,284,816,286,Traditional
775,295,804,289,837,283,841,314,805,320,780,328,Rice
840,285,913,285,953,292,958,326,905,311,846,315,Pudding
799,323,841,313,841,335,802,343,and
848,313,937,316,942,338,847,335,sultanas
802,342,938,337,940,353,807,354,###
820,355,923,355,924,369,818,370,###
1003,136,1109,77,1197,122,1206,165,1127,136,1030,189,Ambros
1071,159,1131,142,1166,144,1206,168,1195,177,1161,152,1126,153,1074,170,###
1065,284,1154,274,1215,291,1221,323,1166,311,1064,320,Macaron
1118,322,1176,321,1211,328,1212,345,1169,338,1117,339,###
18,463,59,434,200,463,234,494,209,542,157,507,55,493,11,522,mbrosia
16,516,48,498,117,498,176,518,175,531,113,516,47,514,16,531,###
2,640,175,636,173,690,6,693,Semolina
16,699,114,694,121,716,12,716,###
304,425,335,422,337,439,302,443,WITH
338,425,409,421,415,439,337,442,AMBROSIA
269,477,291,462,332,455,335,472,298,480,270,492,###
336,460,360,460,360,472,334,477,100
363,457,403,463,400,479,360,473,YEARS
409,465,421,468,416,489,400,486,###
254,518,307,476,430,488,468,523,449,570,399,538,304,527,260,573,Ambrosia
275,545,327,527,374,528,413,543,411,556,372,546,326,542,282,556,###
295,656,363,655,365,685,297,687,Rice
267,684,391,686,399,722,268,719,Pudding
286,719,365,720,368,731,288,733,###
513,477,608,427,728,457,741,485,738,536,704,504,611,488,515,542,Ambrosia
562,508,625,489,685,493,720,517,719,530,676,507,620,503,559,522,###
597,621,678,619,677,656,599,657,Light
542,658,599,662,604,689,540,693,Rice
611,661,681,656,722,663,728,692,676,686,614,689,Pudding
579,700,625,698,625,723,578,721,creamy
628,694,644,695,642,713,625,713,###
640,692,691,692,696,710,641,714,delicious
752,487,837,431,941,445,978,471,980,530,923,495,843,491,763,542,Ambrosia
797,515,853,494,904,492,971,519,960,529,912,510,866,508,###
821,617,941,616,946,638,826,641,Traditional
788,641,846,642,849,670,794,673,Rice
857,640,966,635,976,673,859,675,Pudding
808,674,857,675,858,696,811,700,and
856,674,956,671,958,692,862,697,sultanas
828,699,956,697,956,711,818,714,###
832,720,945,718,944,734,832,738,###
1016,475,1126,419,1238,451,1243,512,1151,482,1028,530,Ambrosi
1065,637,1251,637,1253,677,1062,679,Macaroni
1124,692,1229,690,1229,708,1127,712,###
1074,508,1149,483,1193,488,1233,504,1229,517,1192,502,1150,498,1080,520,###
