276,278,290,278,303,278,303,289,290,289,276,289,ONE
212,114,234,107,259,99,261,109,238,117,216,125,SOUTh
264,100,282,97,303,98,298,110,282,109,267,110,WEST
307,98,332,101,365,111,362,122,330,113,306,109,LONDON
227,127,287,110,348,130,341,148,286,135,232,149,UNISON
228,158,249,147,278,140,281,154,254,159,236,171,MENTAL
290,140,320,143,345,153,337,167,314,155,288,153,HEALTH
228,280,247,281,249,289,228,291,ALL
251,281,272,281,273,290,250,290,FOR
307,281,328,281,327,291,308,289,FOR
332,280,350,281,351,289,332,291,ALL
151,237,195,240,194,252,152,249,UNISON
150,247,194,252,195,261,152,257,SPEAKING
147,257,168,258,168,271,147,272,UP
170,260,192,261,194,274,169,271,FOR
148,269,192,273,192,283,148,281,PUBLIC
148,282,192,283,191,294,148,293,SERVICES
90,248,122,252,123,262,89,256,UNISON
88,259,125,263,121,280,87,273,ENOUGH
79,273,91,276,88,291,79,290,IS
92,276,126,278,124,296,90,291,ENOUGH
79,289,101,292,99,307,79,305,SAVE
103,292,122,296,119,312,101,307,OUR
90,307,110,308,106,325,85,321,NHS
