301,304,328,304,355,304,355,324,328,324,301,324,HALAL
251,334,245,309,259,309,265,331,THE
244,303,250,266,280,237,296,233,300,244,285,252,263,276,257,311,INCORPORATED
299,229,330,226,359,236,354,249,328,241,303,243,TRUSTEES
362,238,374,247,366,258,355,254,OF
379,248,393,266,383,277,367,259,THE
396,268,415,312,415,318,400,316,399,300,384,277,ISLAMIC
370,367,395,343,399,314,411,317,407,351,379,383,COMMUNITY
282,268,368,268,371,301,284,304,###
302,327,359,328,361,353,302,351,###
269,338,277,350,292,361,281,374,265,357,257,342,KONG
293,364,308,372,322,376,322,392,296,380,283,371,HONG
322,375,339,377,339,391,323,391,OF
340,377,353,375,367,368,374,382,359,391,339,390,FUND
470,326,575,263,583,297,475,371,OLDTOWn
484,368,521,345,524,363,490,385,WHITE
521,343,566,312,574,331,527,363,COFFEE
488,225,527,183,544,198,493,246,###
493,275,535,242,544,256,507,297,###
