55,279,101,279,146,279,146,314,101,314,55,314,BAK
154,279,192,279,229,279,229,318,192,318,154,318,KUT
237,283,264,283,291,283,291,318,264,318,237,318,TE
172,267,201,267,229,267,229,283,201,283,172,283,KLANG
45,328,285,328,288,341,47,341,###
84,349,289,344,286,363,85,365,###
47,364,72,364,72,375,49,377,KAm
301,257,321,200,372,159,389,181,342,219,328,263,Taiwan
387,146,457,122,540,111,529,157,452,155,390,176,Braised
560,114,618,143,652,200,599,220,572,174,534,155,Meat
350,230,411,224,414,253,354,265,Rice
422,219,444,214,450,248,428,254,###
462,208,544,199,545,238,465,248,Mee
346,288,449,311,557,266,579,300,452,348,327,319,###
