187,553,219,553,250,553,250,573,219,573,187,573,BORN
355,576,376,576,397,576,397,599,376,599,355,599,FEB
277,460,293,460,308,460,308,505,293,505,277,505,R
21,350,38,350,55,350,55,366,38,366,21,366,1980
2,306,18,306,34,306,34,329,18,329,2,329,###
155,267,214,243,277,232,275,262,224,274,168,292,LAUGH
304,229,362,224,405,233,400,260,352,253,302,255,DONT
417,236,464,245,515,264,504,287,464,272,422,264,WEEP
315,287,335,280,351,287,349,298,335,293,320,299,MFD
292,304,305,304,306,346,296,345,FIRE
361,303,375,302,376,342,363,343,DFPT
321,352,344,350,347,364,322,365,115
193,372,211,379,228,380,219,405,204,401,188,398,IT
241,382,290,392,333,392,331,419,282,419,239,407,FEELS
349,391,407,383,466,365,475,389,412,410,357,417,BETTER
113,470,257,468,261,502,112,508,JAMES
324,467,439,465,433,497,329,501,BECH
133,588,225,586,228,601,141,607,AUGUST
233,584,250,584,250,600,238,602,6
258,582,300,584,304,599,261,602,1956
