282,518,325,518,367,518,367,536,325,536,282,536,COFFEE
300,492,325,492,350,492,350,507,325,507,300,507,OLD
183,504,200,465,229,434,259,455,235,481,221,513,OLD
245,415,286,394,330,388,331,428,294,432,267,449,CITY
356,391,430,428,471,497,436,511,399,452,343,421,COFFEE
302,504,356,503,354,523,301,522,CITY
258,556,276,563,295,570,290,580,273,576,253,566,COFFEE
294,568,313,572,333,571,335,585,307,583,292,579,ROASTED
335,572,349,571,351,583,337,584,ON
349,570,373,565,390,552,401,562,371,577,351,581,PREMISE
