433,61,461,61,489,61,489,78,461,78,433,78,PUSAT
143,337,180,337,216,337,216,362,180,362,143,362,SWAN
432,108,463,108,493,108,493,129,463,129,432,129,Worldbeauty
447,186,458,186,468,186,468,205,458,205,447,205,CAT
396,281,415,281,433,281,433,293,415,293,396,293,NIPPON
432,281,446,281,459,281,459,291,446,291,432,291,PAINT
14,7,124,102,108,155,7,74,Exclusive
329,190,355,222,352,250,324,222,IPPON
354,227,375,247,373,275,350,252,PAINT
391,189,445,187,447,207,392,207,PENGEDAR
432,84,468,84,466,100,435,101,PERSO
437,140,484,140,483,161,442,165,###
439,172,488,170,490,193,476,195,475,185,437,185,###
355,69,413,170,394,191,346,127,###
110,351,111,324,126,296,137,305,129,328,127,351,Sales
131,289,146,277,154,287,142,298,###
152,269,197,263,229,277,220,290,187,277,158,286,Service
237,284,255,321,252,355,238,353,239,325,223,296,Centre
135,374,149,388,141,402,127,387,MJ
153,393,191,400,227,378,234,385,199,417,149,408,BOUTIQUE
133,22,160,52,155,89,130,68,###
125,82,157,110,157,132,124,107,###
331,3,351,4,349,66,324,52,###
386,330,465,330,464,354,391,355,###
386,356,467,359,469,378,389,375,###
