274,346,305,346,335,346,335,368,305,368,274,368,WHITs
437,204,456,204,474,204,474,225,456,225,437,225,OF
3,63,32,57,32,86,5,83,oME
36,65,54,68,46,90,32,88,IN
55,55,107,71,150,94,127,145,91,114,48,95,RELAX
135,123,184,116,198,124,200,148,185,144,131,144,ENJOYA
205,109,294,124,426,172,410,293,278,259,192,177,WHALE
481,203,499,203,500,219,481,227,A
426,233,472,231,533,211,539,242,469,279,419,283,GOOD
533,206,590,179,616,155,629,189,587,221,551,241,TIM
183,188,216,208,206,235,165,209,ALE
273,262,306,274,305,294,268,279,ALTs
119,161,140,185,163,207,161,231,127,208,106,179,HEAVYs
174,221,188,234,213,250,213,273,183,256,163,238,REDs
270,282,289,288,305,293,305,304,288,302,272,296,ESBs
75,139,97,173,120,200,112,215,77,178,61,150,BELCIANs
126,207,145,226,165,245,159,258,135,243,112,223,BARLEYs
166,247,182,259,205,269,205,290,174,276,156,262,WINEs
269,300,296,307,316,306,321,320,293,319,271,315,BROWNs
38,122,58,162,88,202,80,229,40,182,21,131,PORTERs
96,216,115,236,145,259,142,283,98,254,83,236,HEFEs
151,271,177,287,210,301,210,322,162,302,142,288,BOCKs
276,324,315,329,359,325,369,340,313,348,278,343,BITTERs
374,325,406,320,438,309,453,319,405,336,374,341,DUNKELs
8,120,20,155,6,177,###
27,166,48,208,85,250,72,272,27,226,9,188,STOUTs
90,259,121,285,150,300,143,326,102,306,78,288,PALE
155,309,184,321,211,331,212,349,177,346,147,332,ALEs
345,348,376,346,422,335,429,353,388,365,350,367,LAGERs
427,332,468,322,510,298,520,308,475,340,436,350,PILSNER
162,345,170,378,176,398,157,401,145,374,141,348,CHEERS
263,253,270,354,295,415,268,429,212,361,218,250,PINTHOUSE
295,417,310,432,329,449,316,466,287,447,278,428,PIZZA
