185,945,241,945,296,945,296,990,241,990,185,990,Closed
298,863,334,863,369,863,369,899,334,899,298,899,Mon
151,627,411,627,670,627,670,728,411,728,151,728,myBurgerLab
271,1005,295,1005,318,1005,318,1042,295,1042,271,1042,Of
97,428,322,265,597,331,549,440,356,396,175,505,WELCOME
638,354,724,438,628,533,560,461,TO
269,749,539,764,521,846,251,830,SUNWAY
407,865,466,874,471,906,406,904,Sun
248,900,346,910,349,947,251,938,1100
376,915,527,930,524,971,377,956,1015pm
303,960,350,965,353,995,306,995,On
362,965,435,971,427,1007,365,1002,First
442,974,590,990,572,1026,438,1013,Monday
329,1004,385,1013,379,1048,328,1046,The
397,1013,495,1023,492,1058,385,1051,MOnth
184,1031,242,1064,296,1081,296,1112,216,1088,174,1058,BURGERS
316,1087,344,1093,389,1096,394,1129,341,1130,303,1120,DONE
400,1102,448,1109,486,1099,492,1130,442,1134,401,1132,RIGH
487,1100,540,1091,554,1118,504,1132,EST
554,1090,584,1084,619,1069,640,1093,607,1114,557,1121,2012
