260,290,279,290,298,290,298,312,279,312,260,312,59A
138,484,173,484,208,484,208,533,173,533,138,533,###
169,436,190,436,211,436,211,485,190,485,169,485,###
254,277,271,277,288,277,288,293,271,293,254,293,SHOP
10,40,116,115,109,140,5,69,acement
123,117,220,184,217,219,110,155,Specialist
12,99,147,193,140,213,8,124,eduexpertscommy
277,188,309,181,338,196,342,240,326,239,327,212,304,196,276,205,GARBGEVAPE
22,252,55,266,46,341,17,325,###
272,224,298,202,308,213,277,241,281,239,THE
308,216,333,272,315,286,291,230,VAPE
292,228,320,286,307,294,280,239,COMPANY
355,291,379,304,377,333,351,323,El
386,312,449,358,448,380,377,343,KERETA
337,309,372,328,369,350,325,332,MOTOR
387,346,418,362,414,385,382,368,SPRAy
419,364,463,393,465,415,417,393,###
305,318,450,412,444,436,284,333,###
245,496,326,491,329,573,246,584,###
340,567,420,593,417,632,346,603,aragevape
95,610,168,611,171,634,97,632,Garagevap
264,595,341,591,343,642,265,645,###
