3,358,33,355,34,373,3,375,TANI
77,247,277,145,284,193,95,286,SELAMAT
300,129,410,92,499,76,503,124,419,140,314,177,DATANG
521,69,578,60,583,106,524,117,DI
615,56,756,49,754,92,619,104,OBJEK
797,44,918,53,991,67,1000,115,902,97,802,90,WISATA
1034,72,1132,92,1221,124,1198,177,1118,140,1016,108,KAWAH
1232,131,1383,208,1362,252,1214,181,PUTIH
328,186,446,140,569,126,569,163,446,179,348,224,WELCOME
601,113,669,104,679,151,608,156,TO
699,104,795,99,904,115,900,161,799,145,706,154,KAWAH
941,120,1036,142,1098,158,1084,199,1004,177,932,170,PUTIH
1449,252,1515,259,1517,288,1453,286,Jawa
1451,300,1522,304,1517,329,1458,327,Barat
