301,9,329,9,356,9,356,23,329,23,301,23,PENALTY
242,10,270,10,298,10,298,25,270,25,242,25,MAXIMUM
361,10,380,10,398,10,398,23,380,23,361,23,5000
187,12,237,11,238,25,186,25,###
203,37,285,36,295,49,202,50,###
191,244,191,234,196,225,214,228,213,238,214,247,IN
191,222,201,198,213,182,231,194,222,209,217,228,CASE
217,179,233,164,245,182,234,193,OF
238,161,251,155,271,149,274,169,259,171,248,180,FIRE
274,148,301,148,299,168,277,167,DO
306,148,318,152,339,160,330,180,317,171,301,170,NOT
343,163,352,171,366,183,353,203,343,189,328,180,USE
368,185,380,202,386,218,366,226,363,215,354,203,THE
386,222,388,239,389,257,369,255,369,242,365,227,LIFT
220,263,260,309,326,309,359,274,382,277,337,332,257,333,198,271,###
