325,483,334,483,343,483,343,493,334,493,325,493,RM
348,483,356,483,364,483,364,492,356,492,348,492,600
348,97,462,104,459,151,353,141,###
505,106,611,106,601,151,510,148,###
197,60,237,124,289,172,241,216,181,155,146,93,PAN
313,185,385,211,445,223,437,277,360,267,290,233,MEE
485,226,552,216,607,190,632,244,565,272,498,281,YEE
641,177,689,138,722,79,768,104,734,174,675,220,MEE
141,487,171,486,171,497,140,498,YEEMEE
174,486,216,485,217,500,175,499,RM650
244,487,268,486,269,497,241,499,700
278,487,324,484,325,495,277,498,###
383,484,410,483,410,492,386,496,650
418,480,467,482,468,491,419,491,###
467,482,507,481,507,493,467,495,RM600
513,481,552,479,552,494,511,494,RM650
555,479,595,477,596,488,559,490,###
601,478,640,475,640,490,603,491,RM600
652,475,690,474,691,487,652,489,RM650
695,476,757,477,756,488,702,490,###
756,478,771,478,772,492,754,492,50
