133,387,165,387,196,387,196,420,165,420,133,420,SMOKE
101,400,115,400,128,400,128,413,115,413,101,413,SWEET
260,378,303,378,345,378,345,409,303,409,260,409,LEAF
82,352,121,352,159,352,159,378,121,378,82,378,ACOO
313,159,330,159,347,159,347,177,330,177,313,177,AND
53,157,107,145,104,172,44,186,FAULEY
122,137,178,126,183,157,125,167,SWAIM
17,189,214,145,213,178,22,219,DRYGOODSGROCERIES
106,214,144,208,146,223,112,234,ALIZED
27,251,73,242,75,266,27,276,BLOC
105,243,146,234,146,259,112,264,ROS
39,277,67,272,69,290,36,293,WEST
102,269,122,267,127,279,104,287,NIA
16,307,208,293,211,347,20,349,MAILPUUCH
15,386,43,387,46,410,22,410,###
49,383,71,382,74,412,48,412,CH
46,355,73,355,73,376,52,377,TO
221,78,278,62,278,82,228,102,YATES
299,57,424,18,421,46,303,78,FAULEYGROCER
219,107,422,48,424,93,224,140,CAHOUSE
216,158,313,118,410,104,407,149,316,159,221,223,PIANOS
262,207,338,178,428,161,422,205,342,219,262,253,ORGANS
216,249,424,223,427,251,221,273,1324MARKETSTWHEELING
217,279,388,261,385,293,216,304,###
218,337,294,308,352,309,415,325,413,345,314,335,215,362,PHHANESCOS
258,358,313,344,364,356,365,386,317,370,261,381,NATURAL
229,404,328,427,409,410,408,434,336,451,220,421,###
485,285,520,289,521,302,484,300,BUMPER
483,299,518,303,519,314,488,312,BUMPER
524,302,561,306,563,320,525,315,FREYSAUTO
155,228,167,195,200,190,219,226,203,233,189,207,177,210,160,241,###
172,221,204,231,196,248,166,245,###
165,245,169,264,187,262,201,242,211,241,200,272,168,281,150,254,###
