398,124,474,124,549,124,549,177,474,177,398,177,POTATO
501,413,523,413,545,413,545,427,523,427,501,427,POTATO
208,57,229,57,250,57,250,78,229,78,208,78,DELL
59,281,99,281,139,281,139,312,99,312,59,312,glico
425,113,485,113,545,113,545,134,485,134,425,134,MISTER
504,398,524,398,544,398,544,412,524,412,504,412,SWEET
90,414,224,384,343,416,298,497,214,480,137,497,Pocky
179,482,240,483,241,496,187,500,###
501,169,547,170,547,190,498,190,Crisps
418,206,469,223,538,205,542,252,442,268,399,243,SWEET
409,257,471,273,530,262,540,306,455,320,395,292,POTATO
379,371,430,380,431,407,375,396,SOOO
376,397,425,410,480,409,479,429,408,427,373,418,GLAMOROUS
