215,96,271,65,337,65,336,87,280,94,235,118,TUTTO
377,73,424,109,440,161,411,164,400,122,359,90,MATTO
224,117,321,106,404,126,392,176,312,162,228,147,Tutto
228,140,393,177,365,222,222,195,Matto
376,206,389,193,399,176,420,178,412,202,391,221,PIZZA
358,222,372,214,383,223,383,223,369,236,###
305,235,330,230,348,223,366,235,335,252,306,251,PASTA
244,224,268,233,295,234,295,254,262,254,241,241,BAKED
215,190,228,212,246,221,229,239,210,222,198,202,STONE
208,156,209,177,215,190,196,194,189,177,193,156,OVEN
194,146,200,132,211,116,229,126,217,141,212,157,CLAY
