175,270,214,270,252,270,252,293,214,293,175,293,STATE
197,291,248,291,298,291,298,316,248,316,197,316,SYSTEM
254,269,290,269,326,269,326,294,290,294,254,294,PARK
180,2,247,2,245,24,179,23,FILL
85,108,163,62,270,42,377,66,354,86,247,68,174,87,106,128,DEPARTMENT
396,76,435,115,410,132,369,98,OF
142,240,151,236,345,239,356,270,139,267,CALIFORNIA
93,194,102,264,135,308,94,343,48,280,42,195,PARKS
155,318,179,339,213,347,210,401,159,387,117,360,AND
235,347,337,320,394,251,404,198,468,201,428,320,330,393,240,407,RECREATION
