155,190,311,182,313,214,159,222,STORe
203,238,243,236,245,266,209,268,84
259,236,287,236,287,268,261,272,8
151,280,251,290,319,264,335,302,239,338,135,314,66743565
353,154,413,130,429,178,381,200,HO
429,124,493,118,499,162,443,170,CHI
503,114,539,110,601,116,587,170,541,158,501,168,MINH
613,120,677,146,655,192,593,164,CITY
357,216,413,212,417,256,361,266,1511
431,212,495,212,493,252,435,258,DONG
509,208,559,210,559,242,503,252,KHOI
573,204,657,198,655,236,575,246,STREET
471,260,507,256,505,280,479,290,1st
505,254,559,250,557,272,513,288,FLOOR
413,296,513,306,595,276,603,326,509,354,405,346,VIETNAM
695,164,779,162,771,190,703,192,CAFE
709,206,759,204,759,228,711,234,848
673,236,723,246,777,228,779,268,727,280,667,266,66749565
