299,233,327,233,354,233,354,271,327,271,299,271,KAFE
1202,388,1231,388,1260,388,1260,404,1231,404,1202,404,RESERVED
516,263,550,263,584,263,584,308,550,308,516,308,M2
832,382,858,382,883,382,883,400,858,400,832,400,RESERVED
512,369,535,369,558,369,558,389,535,389,512,389,RESERVED
211,365,230,365,249,365,249,387,230,387,211,387,RESERVED
1247,528,1261,528,1274,528,1274,594,1261,594,1247,594,###
473,318,519,310,571,306,569,324,523,334,485,346,SPORTS
573,302,597,310,623,322,619,350,599,338,569,334,BAR
831,400,885,400,887,426,831,426,###
1203,392,1205,428,1263,428,1265,408,1213,408,###
205,394,247,394,253,406,###
511,402,561,402,557,414,505,418,###
