172,294,242,294,312,294,312,318,242,318,172,318,DOWNSTAIRS
64,616,89,616,114,616,114,643,89,643,64,643,###
28,372,80,372,132,372,132,394,80,394,28,394,FASCINATIN
76,420,93,420,110,420,110,446,93,446,76,446,THE
43,421,59,421,74,421,74,446,59,446,43,446,FOR
48,520,96,521,97,577,52,580,###
96,208,136,135,180,100,178,163,145,189,117,241,SPIRIT
171,111,195,93,198,141,186,150,of
183,69,319,34,511,109,461,181,305,109,202,127,MONTEREY
271,120,311,126,353,141,338,169,299,153,271,148,Cannery
353,133,380,142,401,162,388,181,370,171,350,168,Row
196,235,428,201,434,266,196,283,MUSEUM
124,250,186,239,187,278,127,283,WAX
129,221,145,192,175,160,189,177,151,208,133,238,###
