66,8,156,91,141,167,48,94,EST
165,94,315,231,309,302,149,179,MUSICAL
39,87,84,125,79,182,38,149,014
88,133,148,180,139,226,84,187,TONY
153,189,219,243,211,281,144,235,AWARD
250,271,313,320,309,360,245,313,WINNER
31,396,64,393,73,443,40,442,A
9,502,53,479,151,346,194,325,195,399,151,433,70,565,18,591,GENTLEMANS
95,522,188,505,190,560,95,584,GUIDE
80,597,118,607,165,582,178,595,130,633,71,626,LOVEMURDER
327,245,369,279,316,812,274,804,CHICAGO
366,607,462,649,464,692,350,647,JENNIFER
350,647,459,688,458,733,348,693,NETTLES
359,561,477,621,468,643,360,598,###
225,699,275,710,266,783,152,762,###
352,698,459,735,459,771,341,736,###
321,799,328,778,443,804,376,814,###
