355,432,365,448,379,462,362,474,348,464,339,448,ALL
317,366,330,400,349,419,337,441,313,416,296,382,YOUR
304,276,307,332,316,364,295,372,278,325,282,278,DRINKS
276,266,282,228,290,205,313,207,305,239,301,270,WITH
295,189,305,165,319,145,341,160,328,180,318,205,ONE
323,133,355,93,388,70,404,95,367,123,345,154,TOUCh
474,40,606,35,608,69,479,73,DeLonghi
475,85,523,85,524,104,480,104,Better
525,82,606,82,603,106,530,102,Everyday
4,478,32,473,47,565,5,579,###
344,315,349,347,362,371,341,385,328,358,319,320,FROM
317,309,316,280,321,249,340,258,337,276,339,312,BEAN
326,219,350,224,341,253,318,249,TO
328,210,337,188,351,170,369,188,356,201,350,221,CUP
700,131,716,145,721,160,705,171,696,157,682,147,SPIN
725,160,741,187,718,196,710,175,THE
739,185,748,205,754,226,735,233,730,217,722,201,BEAN
519,586,556,587,566,609,520,607,###
505,232,525,232,528,242,###
525,229,565,226,567,243,523,244,CHOCOLATE
