263,192,288,179,314,176,314,196,297,204,269,221,lower
310,178,356,166,388,167,391,191,360,191,324,204,ground
392,169,441,173,493,192,489,214,440,195,386,198,promenade
246,243,288,211,350,196,353,234,299,251,263,273,FOOD
370,191,446,201,508,225,504,262,447,240,366,233,STREET
304,253,354,240,360,256,311,266,1utama
354,240,423,238,421,257,357,259,shopping
423,238,449,241,467,250,464,264,441,260,421,260,centre
921,98,955,81,968,114,935,127,BEE
960,82,1044,33,1052,66,974,108,CHENG
1054,26,1075,17,1078,60,1062,66,###
1013,163,1073,154,1080,373,1028,379,###
