3,253,26,254,27,292,2,292,HE
25,253,70,249,72,290,28,291,FISH
72,251,130,248,130,287,79,289,BOWL
12,293,50,290,51,309,4,310,ONE
69,291,135,288,134,305,67,307,SHOP
415,339,450,343,446,379,409,381,###
536,341,573,340,577,363,535,362,WE
596,338,623,339,646,337,653,359,617,365,590,363,ARE
670,333,719,327,781,314,783,336,717,350,669,358,HIRING
532,367,797,340,800,368,656,392,524,393,###
528,396,599,394,600,409,520,410,Interested
608,394,651,392,654,409,606,415,Please
658,393,708,384,709,399,657,407,contac
712,386,748,379,803,368,806,384,748,395,713,401,0123038017
1078,241,1163,238,1152,267,1071,268,perl
1200,237,1277,231,1274,255,1199,254,rma
196,604,246,605,246,619,198,620,BJW6382
1141,193,1244,188,1235,243,1110,243,AR
