161,62,193,46,227,35,226,55,198,66,161,79,BREAD
239,37,274,27,317,25,318,44,282,40,242,51,BUTTER
329,27,369,28,372,45,328,47,ALL
377,30,421,37,454,49,455,67,419,53,375,47,BETTER
10,97,243,85,246,206,11,216,BUTTER
267,83,613,71,620,199,269,204,BROTHERS
177,222,216,238,261,247,259,260,208,253,170,237,BUDAPEST
271,244,291,225,327,222,329,238,297,235,284,252,BROTHERS
279,255,279,273,289,286,280,298,266,282,267,250,BUTTER
327,284,338,270,333,247,341,236,353,267,340,297,COMPANY
356,243,444,220,452,231,366,264,###
172,320,294,317,273,396,151,395,Bakery
300,329,347,328,331,366,291,365,and
350,317,470,320,457,370,340,372,Bistro
225,412,390,411,390,424,228,428,###
