343,430,460,348,614,329,751,397,717,456,607,397,478,402,360,480,ROBERTS
311,506,789,468,795,528,308,558,HARDWARE
830,369,946,356,949,385,830,397,Benjamin
826,396,909,388,915,412,833,417,Moore
179,422,271,417,272,440,179,452,Benjamin
180,446,244,441,245,465,176,470,Moore
181,517,235,513,236,525,181,532,###
835,464,903,460,906,474,835,480,###
144,623,316,613,319,647,147,659,PLUMBING
371,608,414,605,416,640,378,644,Qu
447,572,475,556,515,581,510,608,486,585,454,593,ROBERTS
427,589,531,611,532,651,427,628,HARDWARE
536,597,661,591,661,628,542,635,TOOLS
737,582,933,572,933,605,735,617,ELETRIC
185,675,228,675,228,701,181,699,Doit
152,680,201,695,240,687,240,724,195,725,155,729,Best
364,688,427,687,426,705,368,711,Serving
428,685,456,684,460,703,428,704,the
459,683,516,680,512,707,462,708,Haight
515,680,586,675,588,700,516,705,Ashbury
584,679,635,675,635,699,588,704,Since
638,679,678,672,678,695,641,696,1931
869,640,926,635,923,664,871,664,Doit
831,649,885,659,937,653,950,700,875,705,825,708,Best
