35,120,54,44,85,3,117,56,92,104,91,145,WEST
38,172,96,206,98,240,36,212,FOR
94,245,127,373,199,461,192,507,97,412,47,246,CHEWING
126,126,203,197,299,244,289,305,184,258,116,201,TOBACCO
207,474,248,474,249,503,203,506,AND
249,455,287,401,302,317,326,326,304,436,257,495,SMOKING
103,5,218,4,235,14,232,56,172,28,127,42,###
248,44,273,84,296,126,280,157,262,111,233,79,MAIL
297,160,321,231,322,295,299,293,297,221,277,169,POUCH
312,120,330,173,337,238,325,244,315,190,291,129,MARK
351,17,458,192,452,224,291,29,###
345,158,473,294,474,353,345,244,BLOCH
362,293,471,371,470,425,365,385,BROS
343,417,471,450,479,504,347,493,WESTVIRGINIA
12,557,410,520,424,641,201,757,12,757,MAIL
427,520,503,521,498,593,440,627,POU
299,722,505,594,507,640,344,755,292,754,###
