210,287,228,287,245,287,245,309,228,309,210,309,The
169,292,199,304,218,307,219,326,191,328,171,333,Tree
224,310,251,303,252,323,225,333,of
255,301,284,293,307,313,305,330,284,325,254,329,Life
182,325,234,328,280,332,279,355,238,349,192,362,Theather
200,358,229,349,265,355,268,371,243,368,200,376,Presents
96,409,145,399,177,381,182,416,161,434,114,443,ITS
180,377,236,368,333,380,313,423,246,409,195,426,TOUGH
89,478,108,451,146,443,161,462,138,484,123,516,TO
154,444,195,419,208,457,167,484,BE
210,429,235,425,243,465,211,474,A
247,434,288,434,327,430,322,468,289,471,245,479,BUG
174,481,196,482,198,514,175,512,A
201,478,281,478,280,518,206,512,Creepy
276,482,356,484,360,516,276,513,Crawly
166,512,213,514,210,551,162,544,Bug
221,512,276,512,274,543,221,544,Eyed
283,512,390,514,393,553,276,546,Adventure
413,792,###
