775,792,851,792,927,792,927,873,851,873,775,873,021
780,912,861,912,941,912,941,995,861,995,780,995,139
743,537,851,537,959,537,959,616,851,616,743,616,###
796,1230,854,1230,911,1230,911,1276,854,1276,796,1276,Hua
502,1129,636,1129,769,1129,769,1196,636,1196,502,1196,###
406,802,562,802,718,802,718,890,562,890,406,890,###
503,1233,567,1233,631,1233,631,1278,567,1278,503,1278,###
339,616,387,635,429,638,430,662,371,659,328,637,HUATE
441,638,518,633,579,611,598,635,521,664,441,662,ELEVATOR
792,1137,950,1120,957,1160,798,1182,795,1179,servic
646,1237,752,1232,755,1275,648,1277,###
