342,287,379,287,416,287,416,317,379,317,342,317,TM
22,305,42,305,61,305,61,318,42,318,22,318,KIOSK
24,292,63,292,102,292,102,306,63,306,24,306,SELFSERVICE
64,305,80,305,96,305,96,318,80,318,64,318,SSK
2,262,19,272,20,393,2,393,###
21,256,47,256,46,271,27,272,###
111,271,127,258,144,256,144,267,129,269,118,279,RELOAD
147,258,157,263,168,270,160,279,155,273,145,268,HERE
125,277,150,280,149,293,128,293,###
292,174,368,169,370,198,295,202,CIMB
375,170,451,163,453,194,376,196,BANK
295,221,366,219,367,243,301,246,CIMB
371,216,490,209,488,239,374,242,ISLAMIC
118,295,126,302,119,312,111,302,NO
125,305,140,309,149,305,157,310,140,320,122,314,REALOAD
153,304,161,294,171,301,160,310,FEE
43,392,79,391,80,397,46,400,###
46,422,89,423,86,434,50,435,###
53,439,93,439,90,453,52,451,###
107,320,121,319,120,331,108,332,24
123,321,146,321,146,329,122,330,hours
147,319,175,318,168,330,146,330,daily
127,353,174,351,171,393,130,395,###
357,364,416,360,418,372,362,375,###
