94,134,227,135,342,135,336,185,234,205,115,220,NEVER
358,134,407,133,446,131,450,160,411,172,362,189,FEAR
114,253,159,245,195,229,196,279,151,283,126,285,THE
204,226,319,207,439,187,443,261,331,274,215,283,STRONG
225,304,369,293,373,318,231,330,ESPECIALLY
126,364,338,342,344,398,138,425,STRONG
360,346,439,334,446,385,376,394,TEA
642,179,676,161,713,156,709,197,682,197,650,204,WHEn
721,158,738,162,760,170,756,200,739,199,715,199,LIFe
637,210,763,200,758,250,639,260,GIVES
636,269,749,262,747,291,641,301,LEMONS
638,311,654,310,669,309,671,334,654,333,633,327,MAKE
674,308,694,306,713,303,714,328,699,332,674,334,LEMON
718,303,###
718,302,738,302,738,318,717,328,TEA
920,168,958,146,1002,137,996,169,957,171,916,202,JANGAN
1010,137,1043,146,1057,161,1051,190,1028,173,1001,165,CAKAP
921,226,983,190,1040,207,1031,251,986,226,917,261,KOSONG
936,253,973,248,972,267,937,270,MARI
976,249,1018,248,1015,263,973,267,MINUM
910,277,967,292,1020,270,1019,310,964,331,909,316,OOLONG
145,677,167,650,195,623,218,649,202,665,188,688,WE
206,612,259,585,269,609,229,639,Do
272,577,368,555,481,599,452,630,371,589,284,606,EVERYTHING
266,627,371,602,376,643,270,673,with
178,716,461,640,459,699,191,778,SEPENUH
293,755,365,733,368,764,293,788,HATI
628,522,647,517,642,607,627,613,FILL
620,628,637,624,637,664,625,669,UP
668,515,688,510,685,586,673,591,TOP
664,607,676,603,682,650,662,659,UP
710,503,730,499,723,597,706,600,DRINK
701,612,718,606,716,638,706,648,UP
867,499,903,493,933,496,925,515,900,514,868,524,BREWED
891,517,911,518,934,521,925,545,908,541,887,541,FRESH
939,525,953,529,969,529,961,551,947,550,930,542,DAILY
792,4,863,5,863,44,791,40,###
