179,170,266,134,277,158,190,191,Happy
198,189,265,163,277,180,219,212,Time
259,356,359,328,356,394,250,425,EL
375,325,532,316,678,355,685,428,528,386,368,390,SABOR
243,437,335,409,408,401,402,436,335,444,244,473,NACHO
419,398,510,396,586,413,587,445,508,432,410,434,DOUBLE
600,414,642,425,676,440,668,472,631,460,602,453,DIP
499,80,771,81,778,157,488,160,GSC
872,74,1011,76,1022,169,865,160,EL
303,496,356,484,412,492,411,518,355,513,303,526,salsa
436,482,529,486,584,501,584,530,508,518,433,517,cheese
