40,563,69,548,92,548,95,570,69,570,50,582,Chunks
101,546,129,546,153,554,151,571,129,563,97,565,MoreYum
28,604,81,567,176,568,185,616,123,654,42,677,Chips
50,672,137,638,181,615,202,668,145,713,61,746,More
274,605,430,498,642,487,712,503,671,584,545,574,422,616,325,688,CHUNKY
248,641,276,638,280,736,252,735,###
478,623,586,618,581,654,480,658,###
430,686,579,676,582,704,431,714,ORIGINAL
425,714,497,713,498,732,424,738,Chocolate
498,713,536,708,534,728,503,730,Chip
533,707,593,705,596,722,531,732,Cookies
