401,321,484,333,560,381,540,389,474,353,393,342,ARTISAN
432,345,515,375,510,391,426,358,###
389,345,450,370,440,384,379,363,BAKED
454,370,482,383,471,397,446,389,BY
488,384,540,403,534,417,479,398,HAND
417,378,482,405,476,415,412,394,###
379,373,417,408,476,420,520,422,527,442,470,448,401,425,358,389,BISCUITS
287,510,407,518,477,578,448,588,379,540,283,531,ARTISAN
327,537,414,570,409,581,319,548,###
278,540,343,565,338,580,268,556,BAKED
351,569,377,580,371,594,344,584,BY
388,583,447,605,439,621,379,600,HAND
311,581,385,611,377,622,306,597,###
262,570,311,611,374,630,426,635,430,657,358,662,295,643,246,586,BISCUITS
137,730,230,733,300,768,341,814,313,832,273,790,218,765,136,757,ARTISAN
188,766,281,809,268,825,174,780,ASHBOURNE
128,769,199,804,189,820,117,788,BAKED
210,806,240,821,230,837,196,825,BY
245,821,311,851,303,869,237,839,HAND
159,821,241,856,234,874,156,839,ENGLAND
117,815,162,861,223,883,290,886,286,919,204,918,132,880,90,828,BISCUITS
695,855,711,899,692,900,671,861,NEW
657,874,684,883,668,943,638,932,Good
635,855,665,870,629,957,605,953,Morning
564,956,633,1008,621,1027,551,979,BAKERS
597,1070,632,1093,621,1141,595,1147,592,1133,605,1119,607,1103,589,1085,BAKERS
483,1057,504,1063,499,1082,477,1076,4
588,825,608,829,589,894,570,886,Chocolate
575,815,592,825,580,869,562,861,Flavor
472,1035,###
471,1035,491,1043,471,1087,458,1081,###
8,433,66,458,33,509,6,501,###
19,897,366,1057,302,1079,25,940,###
450,1082,548,1126,543,1153,437,1106,###
