492,234,536,234,579,234,579,305,536,305,492,305,###
556,480,570,480,583,480,583,496,570,496,556,496,8PM
460,481,474,481,487,481,487,497,474,497,460,497,MON
520,480,534,480,548,480,548,496,534,496,520,496,6pm
669,416,691,416,713,416,713,448,691,448,669,448,###
489,481,500,481,511,481,511,496,500,496,489,496,FRI
7,327,128,342,130,359,9,349,TEDBOY
29,356,112,365,111,379,30,371,BAKERY
225,291,290,301,290,320,224,316,olesome
293,299,350,303,351,331,293,329,goodness
375,368,436,372,437,388,382,388,###
384,384,435,389,435,402,388,403,###
580,276,657,297,657,325,571,298,###
456,432,471,404,491,389,502,412,485,425,470,444,VALUE
501,386,512,382,530,383,529,405,520,404,505,407,SET
536,384,571,394,590,424,574,441,554,416,529,404,DINNER
477,436,500,436,504,459,478,459,RM
503,420,546,420,546,474,506,474,15
