212,372,234,372,255,372,255,386,234,386,212,386,Discover
220,407,237,407,254,407,254,421,237,421,220,421,Loving
94,55,162,39,162,64,100,78,Offspring
257,185,415,170,411,221,266,233,Offspring
280,273,291,283,287,296,272,283,AS
289,290,313,304,335,306,339,319,303,315,285,299,NATURAL
337,307,353,298,359,308,343,316,AS
356,295,367,288,378,271,388,278,375,298,361,304,LOVE
216,392,260,395,257,406,214,402,environm
416,385,445,386,441,400,418,397,non
446,384,482,387,481,401,445,400,toxic
414,404,475,407,476,421,413,417,essentials
417,424,470,425,470,441,415,438,ractured
31,456,90,453,92,479,36,483,TCE
96,455,211,449,213,473,97,481,SPECIAL
