502,702,563,702,624,702,624,718,563,718,502,718,###
119,48,317,4,317,26,121,74,###
401,288,399,334,411,378,393,404,365,354,375,292,Wing
421,392,453,422,505,432,507,474,433,456,395,420,Heong
523,430,567,412,617,352,653,372,587,446,513,472,BBQ
643,324,655,284,667,230,685,224,693,294,653,352,Meat
61,164,171,140,151,278,49,288,KEDAI
195,138,391,100,383,234,169,270,MAKANAN
211,278,287,276,255,550,193,560,###
477,184,555,172,555,384,477,394,###
851,240,1095,196,1097,280,871,320,BBQ
853,336,1183,294,1169,394,863,430,MEAT
741,388,799,374,817,506,737,514,###
41,610,229,598,219,686,51,692,WING
247,596,509,576,505,682,245,684,HEONG
603,578,875,558,879,662,603,676,JALAN
901,554,1115,540,1115,646,901,664,IMBI
