495,378,498,330,522,295,542,308,526,341,521,383,Eclipta
555,267,600,252,640,257,635,277,600,275,562,292,Butea
650,252,704,295,706,346,689,353,683,312,643,273,Frondosa
556,315,589,292,627,289,626,309,598,308,569,327,HERBAL
636,291,673,318,678,344,661,351,656,327,627,308,ACTIVES
536,367,535,353,541,334,558,342,553,354,552,369,100
551,377,558,388,566,399,553,412,541,399,538,383,100
572,408,599,418,628,412,634,426,595,435,564,423,HERBAL
629,409,653,388,663,363,681,361,668,400,638,427,ACTIVES
482,472,547,467,552,482,482,486,Reduces
552,467,586,461,588,479,554,485,Hair
589,463,617,458,619,474,593,480,Fall
618,459,648,451,651,467,623,476,due
652,451,667,447,670,462,654,469,to
672,444,730,424,731,444,679,462,breakage
569,505,622,492,627,520,575,531,400
633,494,665,484,668,514,637,520,ml
