3,259,35,257,31,304,2,302,JAK
4,304,29,306,32,319,2,319,###
178,231,198,224,249,228,245,266,209,256,179,265,CHINA
258,227,306,217,365,212,357,254,298,254,256,268,RAMEN
212,261,253,270,251,302,208,294,SUI
264,273,335,254,335,290,262,306,JIAO
177,303,353,308,350,325,175,323,###
251,205,279,203,280,216,253,220,###
440,217,520,176,680,177,690,222,573,215,446,259,Vietnamese
509,233,554,244,600,233,606,285,545,283,512,278,Beef
614,230,701,212,786,165,817,204,724,263,627,281,Noodle
468,306,563,304,564,330,465,327,###
602,305,775,302,772,336,598,327,###
34,446,87,429,101,444,39,466,###
