233,6,308,6,382,6,382,48,308,48,233,48,Newspapers
9,2,64,2,119,2,119,43,64,43,9,43,Greeting
193,42,272,42,351,42,351,98,272,98,193,98,hardware
129,3,173,3,216,3,216,48,173,48,129,48,Cards
203,110,247,110,290,110,290,147,247,147,203,147,items
88,106,132,106,175,106,175,146,132,146,88,146,other
7,50,52,50,96,50,96,88,52,88,7,88,Coffee
0,99,36,99,71,99,71,152,36,152,0,152,Many
140,259,245,221,370,237,367,311,246,298,166,333,PURE
415,237,518,295,596,376,538,431,468,351,391,311,RICH
219,757,298,772,383,748,385,777,299,803,210,782,TRADEMARK
439,164,525,168,515,230,433,223,THE
568,281,774,287,746,378,567,368,Company
764,230,911,228,873,315,756,304,DaIry
789,122,875,37,913,64,821,141,###
574,486,803,369,846,435,606,548,THICK
845,358,1037,257,1073,323,872,417,CREA
784,479,1009,370,1164,374,1189,628,660,633,###
