205,275,294,275,383,275,383,331,294,331,205,331,SHIT
152,334,299,334,445,334,445,388,299,388,152,388,SHOWS
298,445,340,445,381,445,381,466,340,466,298,466,Saturday
143,448,166,448,188,448,188,469,166,469,143,469,And
177,411,226,411,275,411,275,432,226,432,177,432,SMELLS
285,410,311,410,337,410,337,431,311,431,285,431,LIKE
347,406,381,406,415,406,415,428,381,428,347,428,2017
192,451,215,451,237,451,237,467,215,467,192,467,most
242,447,253,447,263,447,263,466,253,466,242,466,of
266,451,280,451,293,451,293,470,280,470,266,470,my
187,245,232,226,298,218,298,257,248,258,203,275,SOAP
314,220,353,223,391,232,389,267,351,250,308,252,FOR
447,71,480,37,528,36,562,59,552,73,522,62,489,63,470,85,WHISKEY
454,84,553,77,554,95,458,106,RIVER
466,108,552,100,552,124,471,138,SOAp
494,135,525,131,530,149,498,156,co
