334,244,419,244,504,244,504,280,419,280,334,280,COPRA
829,295,872,295,915,295,915,311,872,311,829,311,MINUMAN
588,298,628,298,668,298,668,315,628,315,588,315,HIBURAN
672,298,698,298,724,298,724,315,698,315,672,315,KEDAI
728,296,769,296,809,296,809,312,769,312,728,312,MAKANAN
532,300,559,300,585,300,585,316,559,316,532,316,PUSAT
349,288,386,308,431,311,431,339,368,328,337,310,LEISURE
438,310,475,302,497,283,515,305,486,327,435,339,WORLD
379,339,949,330,972,409,388,422,COPRA
528,422,840,415,839,442,529,456,###
598,451,770,448,773,463,604,473,wwwcosmiccommy
268,504,340,502,335,530,268,526,###
843,426,902,423,906,443,837,445,DIMILIKIOLEH
845,442,1052,437,1050,453,843,457,COSMICSIMULATORLEISURESDNBHD521487
