28,534,125,534,222,534,222,579,125,579,28,579,Heineken
162,197,239,197,316,197,316,249,239,249,162,249,yuengling
72,59,189,59,305,59,305,149,189,149,72,149,OldStyle
433,536,523,536,613,536,613,594,523,594,433,594,Hamms
503,212,538,212,573,212,573,233,538,233,503,233,BEER
231,582,341,582,451,582,451,623,341,623,231,623,SHOCKTOP
795,117,846,117,896,117,896,144,846,144,795,144,LUCKY
792,198,845,198,897,198,897,226,845,226,792,226,LAGER
680,537,727,537,773,537,773,591,727,591,680,591,Bull
84,185,133,184,118,354,78,352,CLASSIC
366,104,391,107,391,152,364,153,HIGH
361,161,387,161,387,206,362,205,LIFE
400,109,437,105,442,216,407,218,muller
508,153,570,155,572,183,514,180,Old
469,175,607,191,607,218,469,210,Chicago
648,116,755,107,756,147,643,178,Leinies
666,171,762,154,753,212,672,232,Red
763,325,899,332,902,362,763,357,Budweiser
621,267,675,269,676,369,623,365,Pabst
266,293,303,264,356,252,353,276,313,284,279,311,MONTEREY
360,254,411,266,450,300,437,320,394,285,357,274,CALIFORNIA
216,320,488,326,488,363,219,359,CANNERY
302,361,416,362,417,396,303,394,ROW
239,409,301,416,345,413,343,434,283,433,234,425,BREWING
350,415,404,402,460,413,455,436,399,424,356,433,COMPANY
437,463,477,446,521,465,508,487,479,466,445,482,STERM
565,431,610,400,665,438,648,454,611,429,581,451,ROLLING
585,480,609,490,634,479,642,492,613,511,579,500,ROCK
692,398,819,388,836,430,703,457,Kalers
741,439,818,434,818,460,747,468,BEER
791,488,941,495,946,525,791,518,MICHAEL
807,518,917,525,920,552,808,545,SHEAS
808,560,828,552,854,550,857,571,831,573,812,578,IRISH
860,549,891,552,924,563,921,580,890,571,859,569,AMBER
862,375,897,374,902,477,874,475,Cools
892,391,916,390,919,471,900,469,ONTAP
