155,343,182,295,231,263,242,289,205,315,183,353,HALF
254,256,316,248,389,275,369,296,317,274,262,283,MOON
404,289,434,314,453,357,421,354,405,327,387,305,BAY
242,399,369,401,368,418,241,416,COMPANY
176,387,200,437,230,464,211,488,170,439,156,398,WINE
251,478,289,486,324,488,325,517,272,511,238,496,AND
344,484,405,452,429,397,455,402,422,474,355,511,CHEESE
230,708,280,703,284,720,234,724,abde
570,422,630,355,641,384,587,448,LOCAL
535,463,563,432,575,457,550,484,BAR
496,513,543,463,549,493,501,540,TASTING
405,615,484,530,492,544,415,631,###
