259,265,278,265,297,265,297,290,278,290,259,290,FUZIO
778,439,794,439,810,439,810,459,794,459,778,459,NIK
456,488,466,488,476,488,476,497,466,497,456,497,10
557,482,566,482,575,482,575,493,566,493,557,493,3x
469,410,491,410,512,410,512,421,491,421,469,421,###
197,125,224,118,252,120,255,143,226,141,205,146,Wendys
366,120,428,116,431,135,365,136,MERIDIEn
516,123,559,121,562,136,514,140,BAAN26
228,433,284,429,283,451,231,453,BLACK
288,428,329,426,330,448,287,449,BULL
459,265,474,277,491,278,493,287,471,293,454,285,Chir
485,260,497,263,511,267,516,280,496,284,478,279,Chir
478,487,523,484,521,497,480,498,DISKAUN
519,483,556,482,557,494,526,497,UNTUK
397,496,452,491,448,499,405,500,###
