64,235,82,207,112,197,113,215,91,219,77,243,HEINEKEN
118,197,133,198,146,204,141,215,131,210,117,211,BEER
64,257,159,220,170,236,73,276,Heineken
89,282,114,290,134,284,138,297,108,305,84,293,PREMIUM
137,282,155,266,158,250,172,254,166,280,142,296,QUALITY
304,247,330,230,366,230,367,243,335,243,314,261,HEINEKEN
375,234,391,243,404,257,395,265,383,253,371,247,BEER
296,272,415,284,412,301,294,293,Heineken
308,307,329,328,351,335,354,350,313,340,299,317,PREMIUM
358,335,379,330,395,311,406,325,393,344,359,349,QUALITY
