271,462,302,462,332,462,332,482,302,482,271,482,FAVOURITE
161,485,186,485,211,485,211,503,186,503,161,503,DRINKS
231,486,257,486,283,486,283,504,257,504,231,504,SNAKCS
109,461,149,461,188,461,188,479,149,479,109,479,AUTHENTIC
232,463,250,463,267,463,267,480,250,480,232,480,KONG
215,487,221,487,226,487,226,504,221,504,215,504,###
118,228,131,209,148,209,148,224,140,227,133,235,DAIRY
149,208,171,214,182,230,173,235,164,223,148,221,TOOTH
133,253,135,262,143,266,140,278,127,269,121,258,ICE
144,268,163,271,173,257,185,265,170,281,143,282,HOUSE
194,224,263,233,255,262,191,260,Dairy
261,229,332,235,334,264,263,260,Tooth
208,262,323,267,321,284,207,273,###
187,461,230,464,231,479,191,479,HONG
