70,471,106,375,187,310,234,357,195,414,160,490,Superior
196,274,291,241,387,259,367,325,307,313,240,334,Quality
421,264,505,315,582,393,532,418,466,354,384,330,garment
186,526,244,586,336,630,322,699,160,634,115,547,National
357,621,438,612,486,580,535,619,456,693,364,694,Track
496,552,538,502,550,444,591,447,586,543,550,594,Team
216,382,451,343,447,385,223,424,University
189,435,511,388,507,436,175,489,Championship
229,492,496,448,496,492,231,538,Established
283,537,474,511,460,565,289,591,2007
