75,250,103,250,130,250,130,271,103,271,75,271,FRESH
90,469,175,469,259,469,259,493,175,493,90,493,produce
288,476,324,476,359,476,359,494,324,494,288,494,our
387,476,435,476,482,476,482,497,435,497,387,497,own
499,475,606,475,713,475,713,500,606,500,499,500,###
256,186,274,158,299,137,318,157,297,177,286,203,MAX
311,127,352,113,414,119,404,147,355,142,320,154,NOSKE
423,127,438,134,429,162,411,154,###
455,135,478,161,491,195,464,199,452,177,437,165,SON
288,222,342,251,392,252,388,283,323,274,274,247,COUNTRY
397,250,425,243,452,218,474,242,443,263,407,278,MEAT
4,461,64,462,65,490,5,489,We
5,253,36,255,36,320,2,317,###
