365,8,393,8,420,8,420,45,393,45,365,45,RM39
425,11,435,11,445,11,445,35,435,35,425,35,39
278,0,302,0,326,0,326,67,302,67,278,67,19
239,23,260,23,281,23,281,64,260,64,239,64,RM
420,207,435,207,449,207,449,226,435,226,420,226,###
261,523,267,548,286,561,275,584,248,565,241,531,DREAMS
240,515,252,483,266,464,283,481,270,501,265,522,DONT
275,458,295,450,332,450,331,473,306,471,286,481,WORK
326,578,349,582,359,602,328,598,DO
352,580,363,575,374,565,394,586,380,593,359,604,YOU
372,565,386,543,389,519,415,524,410,557,390,586,UNLESS
93,172,129,170,135,195,102,201,RM19
