175,281,197,281,218,281,218,304,197,304,175,304,2014
21,281,56,281,90,281,90,303,56,303,21,303,SUNDAY
163,306,175,306,187,306,187,317,175,317,163,317,PM
108,11,136,11,163,11,163,23,136,23,108,23,ANNUAL
74,10,91,10,107,10,107,22,91,22,74,22,37TH
140,281,155,281,170,281,170,300,155,300,140,300,8TH
99,280,118,280,137,280,137,304,118,304,99,304,JUNE
128,306,144,306,159,306,159,316,144,316,128,316,530
87,304,100,304,113,304,113,317,100,317,87,317,AM
18,136,28,73,87,29,98,58,60,92,53,139,HAIGHT
119,26,185,43,221,100,224,147,186,133,184,97,159,70,111,62,ASHBURY
26,219,134,222,134,262,26,264,STREET
143,218,215,219,220,269,146,264,FAIR
48,308,84,308,84,318,49,319,1100
63,270,91,270,90,277,63,277,MUSIC
93,269,113,269,113,276,95,277,ARTS
117,269,147,269,148,278,116,279,CRAFTE
152,270,173,269,173,276,151,277,FOOD
