208,329,277,329,346,329,346,380,277,380,208,380,###
90,278,96,250,111,228,134,240,123,259,117,283,THE
113,222,168,160,266,135,267,157,176,188,131,241,INCORPRORATED
272,137,345,149,389,179,377,193,328,169,280,161,TRUSTEES
395,185,417,207,395,221,375,202,OF
420,214,436,238,442,259,415,264,412,247,399,229,THE
441,263,445,315,434,360,412,348,420,299,416,264,ISLAMIC
296,432,358,406,407,356,432,369,370,438,300,462,COMMUNITY
223,433,249,438,285,434,289,460,255,465,215,453,FUND
183,416,213,431,204,452,173,440,OF
129,362,156,390,181,409,164,437,131,408,113,376,HONG
114,297,119,327,132,360,107,372,93,337,90,307,KONG
180,213,357,213,373,266,163,286,###
218,284,341,289,343,333,213,328,HALAL
