314,404,346,404,377,404,377,431,346,431,314,431,CAFE
184,369,199,369,214,369,214,392,199,392,184,392,FE
313,447,333,447,353,447,353,469,333,469,313,469,Day
4,472,19,472,34,472,34,484,19,484,4,484,###
252,276,261,250,283,233,290,248,274,257,268,284,DAEBAK
270,285,281,302,296,311,296,324,267,312,257,288,KOREAN
298,311,329,307,342,285,352,289,334,324,300,328,RESTAURANT
326,234,353,257,354,281,342,282,333,257,317,249,STATION
317,433,382,426,377,456,310,452,COFFEE
612,268,689,265,685,292,616,293,###
