246,301,381,234,532,232,514,304,388,304,276,357,COFFEE
295,408,489,369,496,426,297,468,MATE
261,586,387,516,520,513,516,562,394,559,265,633,BIENVENIDOS
280,640,310,636,316,672,292,676,A
319,631,375,619,379,658,333,670,LA
387,621,507,591,505,628,397,655,FERIA
364,670,408,660,412,682,370,696,DE
279,712,319,715,358,711,361,748,330,759,285,771,SAN
364,708,439,693,493,663,499,712,429,727,366,745,PEDRO
307,777,391,747,468,726,472,769,391,775,319,811,TELMO
97,240,135,240,181,301,174,339,130,283,105,283,WELCOM
105,283,141,313,132,349,103,321,San
117,348,153,367,150,402,114,381,###
