289,556,299,556,308,556,308,572,299,572,289,572,###
89,360,104,281,172,214,206,196,215,245,166,276,137,316,132,372,BARBARY
221,190,283,180,348,195,331,241,281,226,229,233,COAST
363,202,417,241,448,289,408,314,382,270,343,236,TRAIL
173,495,192,508,207,517,210,536,181,526,163,513,This
217,520,250,529,286,531,288,550,245,551,215,543,Plaque
302,527,357,510,397,478,410,495,357,533,302,549,Sponsored
398,469,421,445,437,468,414,491,By
138,501,161,523,185,536,181,551,143,531,125,512,Sarah
199,542,246,557,283,559,286,577,227,576,189,557,Jonathan
312,555,357,539,396,520,409,529,363,560,321,574,Matthew
400,508,426,489,449,451,466,461,441,499,413,527,Barton
