294,449,323,449,351,449,351,461,323,461,294,461,Supplies
276,524,298,524,319,524,319,537,298,537,276,537,JILLYS
145,526,165,526,184,526,184,538,165,538,145,538,RAGED
252,506,275,506,298,506,298,520,275,520,252,520,PEARL
124,508,150,508,175,508,175,519,150,519,124,519,###
120,356,183,339,268,353,254,382,188,368,122,381,ENCHANTED
272,347,313,339,365,322,365,354,330,366,280,374,FOREST
148,404,334,398,331,430,144,438,SAFEWAY
170,452,285,450,284,473,166,478,PETCO
123,485,236,483,236,501,123,504,BLOCKBUSTER
180,506,232,505,233,521,177,522,WILLIAMS
189,524,216,524,215,539,188,540,BIN
302,505,349,505,347,521,308,522,VISION
313,462,348,460,348,476,313,475,Fish
243,485,290,485,291,501,244,502,CELEBREE
