226,134,216,125,215,107,234,102,237,118,244,121,THE
215,94,228,71,263,60,269,82,245,84,230,102,ORIGINAl
272,61,283,63,296,71,291,88,283,85,267,84,RIB
309,78,321,101,311,134,295,128,298,108,291,83,TICKLER
245,127,267,128,287,124,288,138,270,139,250,143,EST1984
171,137,236,135,236,149,173,156,2812558119
298,131,359,125,361,137,298,143,FABULOUSFOOD
197,152,268,150,272,169,203,175,DRIVE
275,152,333,144,335,162,272,172,THRU
229,191,315,187,321,202,233,210,HORRIFYING
219,208,321,203,324,219,221,228,VEGETARIANS
231,225,275,222,279,237,234,239,SINCE
282,221,321,219,319,234,282,237,1984
147,275,193,268,194,285,152,292,###
