252,571,260,534,272,507,285,512,278,540,267,580,Affliated
276,500,287,485,301,487,289,505,to
290,474,304,450,317,462,302,482,OU
389,366,422,345,458,329,461,344,430,356,397,378,Sponsored
463,325,484,320,489,336,471,340,By
490,317,520,309,543,306,544,320,518,324,493,332,Modern
551,306,595,303,631,309,629,323,590,318,550,320,Educational
497,272,588,258,671,269,665,287,593,275,502,286,###
637,308,671,315,687,324,678,337,656,328,633,325,Society
853,441,878,483,890,509,876,514,854,478,840,449,Recognised
892,511,898,529,882,533,876,517,ny
898,533,904,548,908,568,895,573,892,557,884,540,NCTE
906,535,939,524,963,594,916,613,###
217,582,254,448,336,359,363,385,282,486,255,592,MODERN
358,345,478,281,604,276,600,306,471,322,374,373,COLLEGE
624,278,685,289,674,321,619,308,OF
707,297,851,376,929,516,896,530,827,416,690,324,EDUCATION
1018,575,1036,576,1036,587,1023,587,A
1035,575,1072,574,1075,589,1034,591,MUSLIM
1073,574,1120,574,1123,589,1075,591,MINORITY
1120,576,1181,575,1181,590,1120,592,INSTITUTION
1018,589,1195,589,1199,619,1024,622,MODERN
1014,621,1094,619,1098,649,1013,648,COLLEGE
1094,633,1114,632,1115,655,1096,653,OF
1111,621,1212,623,1214,650,1116,650,EDUCATION
1020,652,1210,652,1207,664,1023,665,###
606,697,###
