216,482,274,482,332,482,332,556,274,556,216,556,LIFE
260,354,293,355,299,405,266,402,K
212,420,272,411,343,450,331,486,271,451,224,468,KidZania
46,520,122,517,202,519,202,570,112,576,32,553,LEARN
338,535,370,523,430,541,422,568,374,561,346,561,TODAY
178,663,199,654,217,651,218,673,199,678,185,685,GET
215,648,242,642,266,642,268,666,248,666,220,672,YOUR
271,639,298,639,329,642,325,664,295,660,265,664,TICKETS
329,643,350,648,368,654,367,672,349,666,329,663,HERE
224,925,302,892,301,924,233,957,KidZania
461,543,529,538,526,600,467,603,###
