66,136,179,138,184,184,66,180,SET
194,141,231,144,235,185,194,187,B
4,190,66,188,69,232,11,234,ORK
64,195,143,193,143,229,71,236,MISO
145,193,209,196,216,232,146,234,SOUP
213,198,257,196,265,229,219,232,SET
27,247,91,237,99,269,30,270,WITh
99,234,231,232,235,272,104,270,SHISHAMO
20,280,231,275,236,307,25,308,###
97,337,205,333,198,374,96,378,RM37
539,1,619,5,615,45,536,37,SET
630,5,660,5,659,46,621,45,A
482,51,578,59,578,91,484,89,JAPANESE
580,57,681,62,679,95,585,94,BREAKFAST
684,62,717,67,714,102,684,102,SET
512,98,668,106,663,143,523,130,###
561,162,640,160,640,199,556,203,RM15
381,256,624,234,780,256,772,314,607,305,400,329,TRIPLE
353,354,492,329,645,322,638,376,501,389,384,412,VALUE
665,321,741,324,804,335,785,390,730,379,662,378,SET
879,187,949,188,944,221,879,218,SET
955,187,984,190,982,228,957,228,C
889,225,938,226,935,256,891,255,SUSHI
933,225,963,226,963,251,936,253,SET
856,258,980,253,980,283,862,292,###
900,307,954,302,955,333,897,340,RM53
