759,659,789,659,818,659,818,687,789,687,759,687,###
50,312,409,376,412,442,41,388,SherlockS
88,648,130,618,191,610,191,642,136,645,103,664,COFFEE
197,610,220,616,211,646,193,640,###
221,622,250,628,268,649,259,673,238,652,214,646,TEA
125,694,176,712,226,702,233,724,187,739,118,721,HOUSE
445,663,470,646,500,639,503,669,481,670,460,685,FINE
506,637,538,645,569,663,560,681,538,670,508,666,FOOD
439,705,460,703,464,726,446,732,###
470,721,530,721,569,682,587,691,550,745,467,748,BEVERAGES
1075,487,1237,520,1226,573,1069,541,MASONS
956,469,1010,481,1010,502,955,492,TelFax
929,486,977,495,974,516,935,508,01947
982,495,1031,502,1033,525,976,514,820240
1244,528,1279,532,1277,567,1253,567,###
997,775,1034,778,1040,811,1009,813,###
718,456,764,451,814,468,808,489,767,478,725,487,###
707,526,829,538,841,586,710,570,###
794,718,820,717,838,786,808,789,###
