115,509,135,509,155,509,155,540,135,540,115,540,EAT
87,474,102,474,116,474,116,503,102,503,87,503,KG
324,588,330,588,336,588,336,612,330,612,324,612,###
183,320,240,316,239,404,178,403,Kg
162,422,178,437,194,441,193,453,170,446,155,431,KOREAN
197,441,218,443,243,434,248,444,222,457,195,453,CHARCOAL
248,432,254,427,263,420,269,431,263,438,250,444,BBQ
119,477,193,478,196,510,119,504,KOREAN
200,480,314,484,315,515,201,507,CHARCOAL
322,483,371,486,374,518,319,512,BBQ
157,514,199,517,202,544,160,544,ALL
205,515,254,518,254,550,208,548,YOU
258,518,315,522,312,556,261,549,CAN
105,568,197,579,197,602,105,593,WEEKDAYS
201,579,214,580,214,606,200,604,###
216,582,258,584,259,608,221,602,mon
285,586,314,589,319,616,283,609,FRI
89,628,124,630,122,640,89,639,###
168,628,199,630,196,639,170,638,###
