391,345,414,285,447,254,461,267,430,306,416,351,NATIONAL
451,249,501,218,555,205,558,225,506,237,460,268,ELEPHANT
562,206,655,222,708,277,690,286,639,240,562,223,CONSERVATION
709,281,735,321,741,360,720,368,710,327,697,292,CENTRE
494,509,522,518,554,524,557,541,510,537,484,521,KUALA
562,525,603,521,637,506,647,525,610,542,562,543,GANDAH
641,502,671,480,703,451,715,462,693,500,657,521,PAHANg
475,273,568,272,570,295,469,293,###
574,270,648,271,649,295,573,295,WILD
474,295,647,295,648,324,476,324,ELEPHANTS
