150,118,307,81,309,140,157,177,###
154,203,292,164,288,228,163,259,NEW
87,316,166,282,230,265,231,307,170,328,87,359,Advanced
239,267,305,241,372,240,370,279,309,286,255,304,Cleaing
117,356,175,332,180,370,130,392,and
180,330,256,301,332,286,332,318,262,339,197,372,freshness
84,416,332,321,368,326,364,356,183,408,94,455,###
71,463,142,478,138,499,69,490,Johnson
151,644,256,640,256,695,158,707,Mr
84,685,238,685,381,644,384,727,218,751,94,763,Muscle
146,771,199,765,200,792,150,797,Multi
204,767,277,758,277,782,204,795,Purpose
281,754,348,740,355,766,281,782,Cleaner
162,792,289,780,344,767,351,786,237,808,159,813,###
162,854,200,855,200,896,163,894,3
267,812,340,796,338,816,267,833,fragranced
340,797,357,791,359,813,340,820,by
373,780,477,762,475,807,370,831,glade
273,831,352,816,347,834,269,849,###
