167,111,216,111,265,111,265,151,216,151,167,151,DIAMOND
271,106,310,106,349,106,349,152,310,152,271,152,HOTEL
105,110,134,110,163,110,163,154,134,154,105,154,BLUE
341,293,367,293,393,293,393,318,367,318,341,318,1850
471,299,494,299,516,299,516,316,494,316,471,316,Kuan
396,298,414,298,431,298,431,320,414,320,396,320,Thu
128,191,151,201,171,208,168,230,139,222,114,208,4850
179,210,198,221,210,218,215,243,192,247,171,236,THU
218,218,245,221,265,215,279,240,249,247,217,247,KHOA
273,211,293,201,319,188,338,208,312,232,285,240,HUAN
366,196,397,196,399,243,364,246,UE
402,197,531,197,523,236,410,243,DIAMOND
355,243,502,246,502,274,360,280,HOTEL
431,296,469,297,470,321,433,325,Khoo
350,328,520,317,522,377,354,377,###
20,409,83,440,80,493,13,456,5046
76,395,168,392,173,481,87,482,###
