199,304,270,304,341,304,341,329,270,329,199,329,PEDESTRIANS
242,337,269,337,296,337,296,360,269,360,242,360,ONLY
378,320,392,282,411,258,430,275,415,298,409,333,Greet
419,249,435,229,462,212,471,231,449,244,435,278,your
472,204,513,185,561,186,560,213,516,215,489,226,CHILD
575,195,599,196,630,212,618,235,598,220,575,222,with
641,222,657,236,633,255,629,245,a
667,243,696,280,708,334,686,333,668,287,644,253,SMILE
444,448,464,463,501,477,485,505,459,492,434,470,NOT
504,481,528,486,527,516,499,509,A
540,487,587,477,639,440,657,473,596,509,534,515,MOBILE
784,406,822,404,823,416,###
