187,161,215,145,224,163,199,180,LIVE
218,143,247,127,258,147,229,162,FIGHT
251,121,286,111,291,131,262,147,WORK
288,106,312,102,317,126,291,136,AND
317,101,337,95,355,96,356,114,341,118,323,123,STUDY
356,92,372,90,374,110,359,117,AS
375,89,398,91,398,113,372,114,THE
399,90,429,90,460,95,456,116,425,111,400,112,EXAMPLE
464,95,485,98,480,121,462,118,SET
485,99,504,106,495,125,481,118,BY
503,103,541,116,532,142,492,126,GREAT
545,118,564,126,580,136,575,156,554,141,536,138,UNCLE
579,135,598,146,586,165,575,157,HO
288,269,369,220,442,223,539,278,528,290,441,242,373,241,294,285,###
