64,462,188,479,188,521,20,506,###
5,646,150,654,137,733,6,711,aCola
206,562,254,579,302,588,304,618,240,612,201,587,SRIRACHA
312,584,366,584,369,621,308,623,HOT
375,585,405,582,435,571,433,599,405,613,372,615,CHILI
439,570,461,560,480,545,483,571,472,588,441,601,SAUCE
495,568,514,584,536,591,525,626,498,615,478,593,CHILI
536,596,561,612,607,616,609,646,564,637,525,621,SAUCE
207,638,241,615,263,646,224,657,###
227,721,243,671,274,649,299,671,269,696,255,744,TUONG
291,644,335,637,341,663,307,677,OT
350,633,450,644,477,700,452,727,428,682,349,666,SRIRACHA
495,621,540,686,573,771,537,778,512,699,477,644,RIRACHA
265,755,319,833,299,841,240,777,###
389,827,411,800,431,757,459,755,442,822,413,851,###
473,803,500,814,530,794,556,820,523,848,484,836,###
223,979,534,1059,495,1155,223,1090,huy
271,1124,603,1219,598,1280,262,1205,srirac
547,1057,604,1068,582,1171,537,1163,f
5,1007,131,1043,41,1130,9,1122,###
