100,142,122,58,175,21,248,27,245,61,186,52,142,84,122,156,CABANA
277,50,297,104,299,138,269,140,267,104,251,70,INN
110,158,208,149,206,169,110,178,RESERVATION
215,151,235,151,237,166,214,168,PS
247,150,285,147,288,162,246,164,CALL
139,185,163,184,161,204,140,205,03
171,184,255,177,255,196,169,203,21616898
277,5,382,6,382,20,283,19,###
175,320,207,318,212,329,178,334,###
171,374,200,374,200,385,174,388,MBF
165,408,192,407,194,416,163,419,VISA
2,568,134,568,136,578,6,579,###
202,400,225,400,228,419,198,423,###
200,373,222,371,220,388,203,390,###
