137,300,479,313,478,351,137,343,###
134,349,697,358,697,405,142,390,###
260,613,403,612,407,645,259,640,muskifest
262,645,400,649,404,688,265,690,NARA
268,699,404,696,400,741,265,739,2016
248,774,301,814,284,847,220,802,5th
316,822,439,837,565,771,586,816,445,889,299,859,Anniversary
793,357,1279,375,1273,559,778,561,###
1012,576,1213,580,1219,679,1006,676,611
857,729,965,730,967,769,860,769,ANA
1088,727,1156,726,1157,775,1096,772,JR
1222,627,1277,628,1277,678,1222,681,###
905,859,1268,864,1270,900,908,897,###
