302,37,408,23,400,56,322,65,###
347,397,454,394,445,447,344,453,hogan
59,397,141,397,148,462,45,462,Hogan
285,540,311,510,353,496,349,526,324,537,302,563,MONEY
360,496,416,507,454,549,433,565,408,529,361,518,CHANGER
294,577,308,615,341,638,394,643,398,662,341,668,288,635,272,581,MHDINSDNBHD
400,635,428,609,436,577,456,574,442,633,411,660,666325H
20,559,39,531,68,514,78,535,54,551,40,576,NGER
117,503,159,514,187,546,173,568,146,537,112,528,MONEY
39,585,47,630,79,648,65,671,20,637,14,591,666325H
78,649,117,649,160,610,165,581,185,582,177,629,135,666,75,676,###
347,797,386,797,388,813,350,814,JUICY
528,662,691,629,696,657,531,702,###
