176,1115,98,782,287,407,596,266,803,257,776,443,611,458,389,611,269,854,341,1079,PLANET
419,731,932,731,923,1058,413,1049,21
362,1106,401,1160,449,1205,407,1256,353,1208,314,1145,THE
479,1226,587,1286,716,1313,710,1385,521,1331,419,1271,ACCOR
737,1322,1001,1277,1172,1127,1220,1175,1010,1346,728,1388,SUSTAINABLE
410,1280,614,1382,803,1409,920,1382,932,1445,785,1466,554,1436,359,1328,DEVELOPMENT
938,1382,1100,1307,1235,1187,1286,1217,1148,1382,956,1439,PROGRAM
89,1565,452,1568,452,1688,95,1682,THE
497,1565,605,1568,602,1682,518,1685,7
647,1571,1340,1577,1343,1709,665,1688,PILLARS
