204,436,232,416,249,439,219,461,51
250,401,323,353,406,326,410,346,325,379,259,421,DIVISION
423,319,465,310,467,335,425,345,ST
492,302,557,292,566,316,497,328,saG
584,291,670,285,737,295,728,317,645,309,580,315,HarBor
766,297,819,314,809,337,762,322,ny
838,323,884,338,930,368,916,388,875,361,831,345,11963
332,423,459,410,455,471,344,463,sag
492,382,768,358,759,411,488,439,harbor
300,468,797,419,806,535,297,572,BaKING
347,675,740,650,731,716,348,736,company
170,673,203,716,187,735,151,696,631
218,723,235,737,262,755,245,778,219,766,202,748,899
272,765,310,778,340,784,337,809,298,801,262,785,4900
358,790,407,801,459,803,449,829,400,826,351,815,www
480,803,670,785,873,685,885,724,680,816,469,832,SAGHarBorBaKING
889,674,922,651,946,612,973,623,948,668,902,701,com
