690,268,732,256,763,252,774,282,730,289,700,301,YOu
781,253,809,246,844,244,850,276,824,276,783,286,ARE
860,241,908,240,944,240,938,271,896,276,865,279,NOW
959,241,1043,243,1129,258,1124,291,1039,273,961,270,ENTERING
1142,259,1211,271,1205,304,1139,292,THE
726,303,817,288,914,286,914,322,821,325,745,346,WORLD
950,285,1063,289,1174,313,1166,348,1057,325,949,324,FAMOUS
591,382,793,330,926,333,934,390,750,412,589,448,ALASKA
961,324,1181,354,1330,399,1307,459,1139,415,955,391,HIGHWAY
808,414,868,403,925,402,928,435,874,436,814,453,DAWSON
935,405,1024,406,1028,442,935,441,CREEK
1033,408,1085,415,1084,450,1033,447,BC
