11,896,92,707,281,593,320,674,182,764,107,923,BORN
374,584,482,575,578,602,542,704,467,668,404,665,TO
689,650,845,803,875,1022,770,1013,764,839,632,728,LIVE
5,956,920,1067,863,1358,14,1244,ambay
14,1280,977,1397,959,1472,8,1355,LYWOOD
1130,686,1259,707,1253,749,1130,728,STICk
1271,716,1325,722,1328,758,1268,749,NO
1340,722,1430,734,1439,767,1337,758,BILL
1118,743,1463,785,1463,845,1112,800,###
14,1472,389,1505,392,1610,8,1571,RDS
494,1523,719,1544,716,1637,494,1604,WEST
758,1559,1100,1595,1100,1682,755,1640,BENGAL
