121,486,915,472,924,651,112,657,MUSLI
965,469,1893,441,1917,632,971,640,POWER
1901,270,1981,273,1986,337,1895,339,###
742,866,869,902,835,1021,703,988,X
910,919,1122,911,1249,869,1352,949,1106,1038,921,1046,TRA
438,1118,670,1109,678,1181,457,1189,www
700,1093,1349,1087,1354,1198,695,1214,muslipowerxtra
1379,1115,1567,1112,1575,1187,1385,1195,com
441,1446,488,1452,488,1534,443,1534,I
573,1468,742,1468,736,1529,584,1529,am
835,1463,1327,1460,1327,1526,855,1532,regularly
1418,1465,1730,1454,1727,1534,1418,1529,using
1810,1465,2042,1465,2039,1526,1832,1532,your
