286,143,429,85,580,92,692,141,673,176,563,136,437,134,303,181,CHRISTENSEN
260,188,537,187,534,236,261,232,BUSINESS
566,187,713,186,715,232,570,229,PARK
284,301,444,303,431,355,274,353,Southwark
290,355,344,352,348,371,289,370,METAL
351,352,390,355,393,370,353,372,MFG
396,355,426,357,429,370,398,372,Co
542,315,642,316,643,351,533,351,Bauer
661,316,750,316,751,346,656,350,Built
715,345,748,346,750,362,715,362,TIRE
291,434,406,437,409,491,295,491,Natura
281,536,322,535,325,554,277,559,pet
326,536,419,536,423,558,323,561,products
516,478,734,480,733,517,513,512,Chaleston
606,511,636,511,638,526,604,527,INC
530,528,650,527,648,546,534,542,WHOLESALE
651,527,720,526,727,545,650,543,SUPPLY
227,565,266,565,262,581,223,582,Maker
264,568,280,568,278,586,261,584,of
278,568,296,569,302,585,280,585,the
297,564,353,565,353,586,298,587,healthiest
354,563,373,562,375,585,355,586,pet
372,566,406,566,407,583,375,585,foods
406,567,419,567,421,582,405,584,in
421,565,438,564,439,585,419,585,the
439,567,474,568,475,584,441,585,world
