22,236,73,159,179,134,181,164,91,186,58,251,Welcome
201,138,243,158,229,184,195,166,to
258,178,276,205,291,232,262,242,255,217,239,187,our
68,316,134,372,208,373,219,400,103,403,42,338,Breakfast
216,363,243,340,260,311,288,318,264,367,235,391,Club
355,231,400,157,503,138,511,166,420,183,381,249,Welcome
529,143,564,161,552,188,520,172,to
581,184,601,216,613,244,593,248,581,218,561,199,our
389,300,409,339,436,370,423,390,378,357,358,312,After
447,371,500,378,549,358,568,379,498,410,436,399,School
558,344,578,317,590,285,617,292,603,337,577,374,Club
