414,541,579,533,585,578,423,581,WELCOME
583,532,634,527,640,571,597,574,TO
642,526,747,512,754,547,646,571,SABAH
754,511,826,502,835,535,763,545,LAND
842,503,934,506,941,539,847,539,BELOW
932,502,986,499,995,533,949,539,THE
991,499,1058,496,1066,529,1004,533,WIND
681,884,681,742,757,629,789,664,724,772,727,865,WELCOME
780,614,841,584,851,613,803,652,TO
860,577,962,592,1034,668,1052,785,1021,797,995,689,947,637,862,620,BAVANGGAZO
733,884,798,953,932,941,943,988,793,1013,691,910,LONGHOUSE
938,926,989,874,1015,811,1045,835,1000,929,955,970,KUDAT
