237,164,293,66,405,11,415,56,326,99,267,186,PREMIUM
429,14,505,21,560,62,538,95,489,58,429,50,LAGER
574,74,619,128,640,177,603,191,583,143,552,100,BEER
349,136,378,115,413,100,422,119,388,132,361,155,ANNO
464,106,498,118,521,142,509,153,481,130,458,123,1366
274,233,594,239,599,301,273,293,STELLA
269,308,598,309,599,372,271,367,ARTOIS
354,416,515,419,514,448,352,449,LEUVEN
274,442,321,520,388,563,378,603,282,545,242,467,BREWED
403,564,421,569,450,568,456,603,423,609,392,606,IN
460,565,528,535,599,445,633,467,552,572,472,603,BELGIUM
