24,55,55,55,53,83,26,81,IF
57,56,120,55,120,82,56,82,YOU
126,56,182,56,183,83,125,81,SEE
192,56,356,60,357,86,192,83,SOMETHING
78,92,130,91,130,116,78,118,SAY
140,91,306,93,306,117,139,114,SOMETHING
62,229,118,154,204,127,294,170,325,232,272,269,245,213,200,189,149,203,113,254,RIVER
110,280,147,344,224,347,280,282,330,306,243,407,128,400,52,311,WATCH
139,422,238,421,237,442,143,445,POLICE
63,448,143,446,145,478,64,477,0141
163,447,225,447,226,479,162,479,532
236,445,320,446,317,477,235,477,3700
