48,71,72,47,93,37,101,51,79,65,63,85,Centre
63,192,32,138,43,81,63,86,57,139,77,181,Rehabilitation
81,181,97,192,109,197,106,215,86,210,69,195,Utan
114,196,136,200,157,198,166,213,136,222,112,215,Orang
162,194,185,178,199,162,218,175,195,202,173,213,Sepilok
75,91,196,89,195,121,77,122,Sepilok
79,118,191,118,191,146,80,147,Jungle
84,143,191,145,190,173,83,170,Resort
179,36,190,43,181,57,172,52,5
195,48,221,76,226,104,214,108,202,78,182,60,Minutes
211,143,215,126,214,108,228,105,232,127,228,147,walk
206,158,212,145,228,151,220,165,to
