356,128,406,126,407,142,352,145,PROJEK
413,126,451,125,449,138,410,140,ANAK
456,122,509,119,511,134,454,140,ANGKAT
325,148,383,144,382,166,327,168,JABATAN
390,146,462,140,462,159,386,163,PERIKANAN
470,141,533,138,532,154,471,158,MALAYSIA
243,217,315,187,375,178,378,202,315,212,259,245,KEROPOK
397,171,428,173,450,178,445,205,425,202,397,201,CAp
465,179,502,185,551,207,538,231,498,215,457,203,INTAN
243,294,308,292,309,310,242,311,ROHANI
314,290,366,289,366,309,316,309,BINTI
369,289,436,289,435,307,369,304,AWANG
469,287,546,284,545,307,469,307,MAMAT
278,342,314,340,315,357,279,360,Kami
318,341,352,341,355,356,315,356,sedia
359,341,424,338,424,357,352,356,menerima
430,338,496,338,497,357,430,357,tempahan
240,359,295,357,292,376,241,378,keropok
300,358,332,356,331,374,297,376,lekor
337,356,363,356,362,374,336,375,dan
368,358,420,357,424,375,365,377,keropok
427,356,474,357,474,378,427,376,keping
483,357,527,355,527,377,484,378,kering
