100,204,112,144,149,103,166,122,135,161,130,209,BLACK
158,97,194,82,241,83,241,107,198,109,170,122,STAR
253,83,302,108,324,144,293,158,274,126,244,114,LIONS
325,148,334,181,330,207,304,208,305,180,298,159,LTD
129,262,253,265,251,292,121,291,Garden
256,261,339,262,332,291,255,294,Cafe
104,295,325,296,319,323,91,324,Accomodation
95,322,316,324,310,351,90,354,Entertainment
116,354,348,357,341,383,116,378,Communication
139,381,291,380,287,405,134,399,0244817459
129,402,150,428,182,439,178,467,121,444,104,409,ASARO
242,444,288,432,316,397,334,410,304,458,241,471,AKWAMU
