100,448,126,455,153,456,152,481,117,475,98,471,250119
161,461,187,459,189,481,160,481,20
196,458,226,458,232,482,203,484,18
123,475,144,478,146,498,120,493,KE
133,650,178,645,233,660,230,688,178,679,140,684,HEINZ
146,693,241,693,241,734,147,736,57
133,722,190,747,255,728,273,745,200,773,126,745,VARIETIES
458,660,516,645,571,660,567,704,515,694,473,708,Hot
438,716,476,700,522,702,513,734,493,734,452,754,Peri
530,704,568,705,596,719,581,747,559,739,525,737,peri
100,1138,190,1195,230,1192,232,1238,186,1235,100,1180,HEINZ
101,1178,187,1234,238,1234,244,1267,193,1267,110,1212,TOMATO
117,1214,193,1266,236,1260,241,1281,178,1280,117,1243,KETCHUP
442,1017,542,1022,547,1049,436,1040,Nandos
