232,182,276,157,304,158,323,175,310,186,293,175,276,174,240,196,FOREST
219,221,224,251,257,251,290,227,302,210,318,220,303,247,242,277,206,265,200,224,ESSENTIALS
169,325,257,327,253,352,160,350,Luxurious
263,323,364,323,363,361,258,356,Ayurveda
12,323,51,325,42,354,10,348,###
53,324,121,325,112,349,43,348,Luxurious
91,198,129,176,163,190,153,205,129,197,98,213,###
81,231,85,260,109,258,140,222,155,233,109,278,74,278,60,242,ESSENTIALS
442,12,459,55,479,49,485,68,457,83,426,20,ENTIALS
509,105,551,185,544,212,497,132,Forest
550,196,597,289,593,313,546,219,###
523,283,561,349,556,371,513,310,Luxurious
563,363,593,407,586,425,553,384,###
595,354,656,482,644,515,587,409,WOODLAND
