819,602,1001,619,1001,678,819,667,NOW
1022,630,1207,654,1214,705,1032,688,VISIT
319,551,761,667,1142,705,1152,811,686,777,295,729,STEREO
1221,719,1413,705,1629,688,1615,863,1399,839,1224,825,CITY
593,808,651,818,658,859,593,849,at
665,794,847,808,843,870,672,852,1130
878,811,1330,846,1330,900,885,873,CHESTNUT
1361,852,1450,859,1450,907,1365,904,ST
542,852,768,870,768,948,542,935,215
854,887,1087,897,1077,962,843,945,625
1155,907,1457,931,1457,983,1166,969,9495
154,1127,322,1134,326,1209,151,1202,1410
350,1147,641,1158,638,1212,353,1199,CHESTNUT
665,1158,741,1161,737,1223,669,1226,ST
888,1154,1399,1185,1392,1274,895,1243,WHOLESALE
1413,1192,1512,1199,1515,1264,1423,1264,TO
1526,1199,1663,1209,1659,1274,1536,1267,THE
1670,1206,1889,1219,1886,1291,1680,1281,PUBLIC
