556,298,634,265,724,269,729,307,649,293,579,329,SINCEc
774,286,844,319,898,374,872,388,814,337,768,320,1975
409,350,1051,460,1076,610,396,478,###
576,568,597,587,565,614,540,587,AY
604,596,637,626,670,647,661,689,604,659,576,623,CHUNG
682,652,726,668,759,670,771,715,717,710,675,694,FLOUR
772,670,805,676,832,673,844,709,820,716,775,715,RICE
836,665,872,649,905,617,944,652,902,685,853,709,NOODLE
267,709,321,731,328,938,271,932,###
829,907,953,815,1114,776,1082,1052,860,1055,###
684,124,959,170,982,286,679,197,###
