230,556,227,508,242,465,283,478,278,516,281,561,THE
245,447,287,348,382,273,467,243,487,288,406,324,332,382,287,477,INSTITUTION
490,238,520,232,554,232,556,288,527,288,503,295,OF
571,231,692,259,833,375,796,408,676,312,572,286,ENGINEERS
838,540,824,469,803,426,850,399,881,471,887,534,INDIA
298,628,356,723,433,780,488,801,482,831,389,793,317,730,259,639,INCORPORATED
479,757,523,774,568,777,572,805,523,802,473,793,ESTD
581,774,622,775,649,765,662,792,619,810,583,808,1920
497,799,542,805,541,840,493,831,BY
554,807,611,808,661,795,679,825,607,846,554,843,ROYAL
662,790,740,750,797,697,826,712,761,789,689,823,CHARTER
796,685,817,663,832,621,869,631,856,661,830,708,1935
