367,87,444,33,533,24,592,36,591,65,521,53,455,67,386,111,DREAMLAND
609,51,648,74,682,106,672,131,630,94,600,75,HALL
414,121,485,125,484,150,418,148,GREAT
513,127,593,131,594,156,513,151,CHARITY
611,133,645,137,645,158,612,155,DAY
281,93,306,95,308,107,281,106,ZOO
265,106,322,110,323,128,266,123,FEEDING
262,123,293,124,295,140,264,137,TIME
295,127,326,127,326,141,296,140,4pm
262,155,308,157,308,170,265,166,GRAND
314,157,343,160,344,170,314,168,HALL
349,159,370,160,369,171,352,170,BY
375,161,396,163,399,174,376,173,THE
405,162,427,163,428,176,401,174,SEA
439,164,751,181,751,193,436,175,###
