48,444,100,368,168,352,178,386,130,406,94,456,UGLY
196,350,270,390,296,442,266,468,232,414,192,384,MUG
92,578,118,613,150,633,142,653,92,635,66,601,Cape
162,627,198,629,226,617,238,649,200,659,158,657,May
238,611,264,582,292,594,258,633,NJ
348,404,796,418,788,574,362,574,UGLY
883,406,1279,418,1279,578,877,580,MUG
370,592,496,594,500,633,368,629,Good
510,592,622,594,624,627,514,629,Food
662,594,786,598,786,635,670,635,Good
885,596,1007,601,1009,635,885,639,Drink
1041,596,1157,592,1157,633,1043,631,Good
1165,594,1281,594,1285,641,1181,637,Time
1329,458,1367,398,1439,376,1437,406,1389,434,1363,476,UGLY
1469,372,1543,418,1557,462,1531,482,1491,430,1457,404,MUG
1365,582,1389,619,1415,633,1403,663,1357,633,1341,603,cape
1425,635,1455,639,1485,627,1487,653,1455,663,1419,661,May
1489,613,1507,590,1533,601,1509,637,NJ
