274,65,362,36,458,61,447,87,365,62,287,86,YARMOUTH
285,110,318,129,356,133,358,152,313,147,274,126,BOAT
367,131,403,129,442,113,457,124,413,148,370,155,YARD
291,161,319,161,346,163,347,174,313,175,290,178,SALES
358,162,397,164,437,165,439,185,397,177,358,175,SERVICE
327,175,400,177,400,191,325,187,8469050
288,180,316,185,334,185,336,198,311,197,287,195,SLIPS
348,188,399,188,435,184,438,203,389,203,346,202,STORAGE
486,225,524,227,523,239,488,238,MAKO
454,246,523,246,522,263,453,260,PURSUIT
466,275,521,279,524,292,465,290,SUZUKI
456,311,515,313,514,324,457,323,INARINE
458,300,512,301,512,314,459,313,HONDA
