271,780,657,496,1070,458,1413,678,1289,839,1011,689,721,715,432,946,RELIABLE
475,978,566,849,732,742,759,860,646,924,577,1064,FIRE
818,705,1043,721,1273,855,1198,957,1022,823,807,828,ALARM
641,1246,716,1337,823,1396,796,1482,657,1407,603,1310,WHEN
845,1401,936,1412,1016,1375,1070,1450,941,1482,834,1476,BELL
1059,1358,1123,1278,1198,1149,1268,1182,1172,1348,1097,1423,RINGS
641,1417,737,1471,839,1503,834,1589,678,1546,598,1492,CALL
861,1509,957,1509,1022,1482,1064,1557,957,1605,855,1600,FIRE
1059,1476,1134,1423,1214,1326,1284,1375,1209,1476,1080,1562,DEPT
405,1107,512,1460,678,1573,893,1632,1064,1626,1134,1819,807,1857,448,1766,271,1503,185,1101,SPRINKLER
1214,1492,1348,1300,1386,1010,1584,973,1557,1417,1311,1723,ALARM
2217,1310,2195,1166,2292,973,2410,1053,2329,1182,2329,1294,FIRE
2415,914,2715,978,2854,1273,2694,1283,2662,1085,2426,1026,ALARM
2415,1391,2683,1391,2688,1551,2399,1551,###
2415,1096,2587,1107,2603,1155,2415,1166,###
