565,496,622,389,682,416,640,514,TC
634,347,712,272,802,224,826,290,763,329,688,383,MiLLi
829,224,937,200,1081,224,1057,284,949,260,850,284,EGiTIM
1102,227,1297,353,1366,505,1294,520,1222,374,1081,281,BAKANLIGI
628,1132,1045,1132,1045,1204,640,1216,iSTANBUL
1108,1132,1321,1135,1318,1210,1114,1216,SiSLi
404,1276,928,1270,925,1357,419,1345,NiSANTASi
955,1270,1267,1273,1270,1342,958,1333,RUSTU
1285,1267,1548,1270,1554,1348,1303,1354,UZEL
65,1414,502,1402,502,1497,71,1497,MESLEKI
532,1408,658,1408,664,1482,532,1485,VE
679,1405,1051,1417,1054,1491,682,1485,TEKNIK
1081,1405,1533,1402,1542,1488,1081,1488,ANADOLU
1563,1417,1872,1411,1884,1494,1566,1494,LiSESi
