89,110,194,85,195,132,92,157,RED
212,67,377,41,547,40,556,111,335,111,207,132,LOBSTER
136,154,194,148,195,167,136,175,FRESH
198,146,240,143,242,164,199,165,FISH
258,140,305,134,306,157,259,161,LIVE
313,135,442,121,440,147,313,159,LOBSTER
140,202,190,204,191,221,140,218,FRESH
467,227,497,224,500,238,473,242,RED
501,220,537,221,563,226,562,241,528,237,500,239,LOBSTER
482,260,565,259,563,277,479,281,###
458,305,493,309,490,321,458,317,CRAB
502,308,554,314,555,327,499,321,CHOWDER
98,205,122,200,119,216,96,220,###
