256,103,468,70,630,50,626,88,450,103,238,154,SABRETT
104,222,394,190,662,200,646,298,378,288,112,316,SABRETT
56,1088,374,944,976,902,948,999,464,1064,106,1204,SABRETT
756,78,870,76,934,116,784,132,###
760,230,866,212,864,264,774,268,WERE
868,220,928,210,930,264,874,266,ON
934,208,958,208,958,258,928,258,A
970,208,1032,214,1030,258,974,258,ROL
78,1304,208,1304,198,1368,76,1370,WE
240,1308,344,1308,340,1368,238,1376,RE
92,1388,208,1388,200,1448,80,1452,ON
560,1170,600,1184,666,1192,658,1238,586,1224,546,1216,200c
696,1186,774,1176,876,1164,882,1210,790,1230,698,1238,SPECIALc
254,1392,314,1390,316,1446,246,1448,A
362,1394,552,1380,550,1440,366,1444,ROLL
482,1258,548,1290,520,1336,444,1304,ALL
574,1300,672,1326,642,1374,560,1346,DAY
704,1336,822,1336,958,1330,952,1386,800,1392,684,1384,EVERYDAY
726,1254,814,1252,818,1278,724,1282,INCLUDES
830,1250,878,1244,882,1272,830,1278,SOFT
886,1242,946,1240,950,1264,886,1272,DRINK
828,1282,902,1268,894,1296,834,1304,POTATO
902,1272,966,1268,964,1298,902,1296,CHIPS
830,1306,870,1298,870,1324,818,1326,HOT
