194,262,245,265,233,484,185,484,REGAL
449,796,641,634,908,532,938,652,725,742,536,907,SARK
1403,520,1637,610,1862,760,1772,856,1574,727,1355,649,HAN
551,1060,773,823,1091,706,1364,739,1346,874,1085,859,818,949,668,1153,HEDiYELIK
1436,772,1607,859,1745,1006,1670,1132,1541,985,1397,889,ESYA
848,982,1478,985,1481,1123,839,1141,CARSISI
476,1192,1031,1192,1058,1333,476,1351,SARk
1139,1180,1610,1180,1610,1348,1139,1342,HAN
1709,1213,1820,1210,1817,1303,1700,1300,23
230,1357,281,1360,284,1399,233,1405,17
2225,1522,2366,1522,2381,1612,2228,1618,ARA
2270,1639,2378,1633,2390,1663,2276,1672,AS
2234,1678,2405,1672,2405,1717,2225,1732,ITHALA
2258,1768,2408,1765,2408,1810,2255,1819,MUTFAK
2246,1849,2402,1846,2414,1888,2246,1897,HEDiYEL
2303,1888,2396,1885,2402,1933,2309,1933,ESYA
