109,238,199,214,269,204,268,259,197,273,121,306,NOT
299,195,365,178,439,168,461,222,397,232,295,253,ALL
470,168,617,150,739,151,733,220,593,214,467,226,JUNKS
757,150,946,172,1106,204,1096,267,908,225,754,213,GLITTER
274,274,376,252,443,241,445,306,371,310,289,333,BUT
457,241,563,228,664,226,661,288,559,288,472,298,GOLD
683,225,788,234,781,297,680,285,TO
814,232,926,250,916,312,806,289,US
460,475,593,426,743,465,703,510,596,474,476,526,ARMY
419,663,484,748,596,784,716,726,748,673,793,691,742,793,610,835,467,817,368,694,SURPLUS
