126,604,292,505,412,454,431,511,285,574,162,652,WELCOME
424,448,503,427,517,481,448,504,TO
520,423,613,405,677,405,673,457,608,460,541,477,EASY
700,401,820,407,814,459,696,457,AND
836,405,909,411,959,433,941,485,882,463,826,459,FUN
973,425,1143,485,1260,546,1236,598,1078,522,959,481,LEARNING
1274,558,1355,607,1412,663,1381,708,1319,653,1246,611,ZONE
644,895,674,895,674,928,646,930,1
1470,1069,1505,1091,1535,1108,1523,1160,1486,1138,1462,1124,THE
1545,1112,1593,1132,1585,1184,1533,1166,SC
1543,1168,1579,1180,1577,1200,1533,1188,JAYA
1513,1154,1537,1164,1535,1182,1509,1178,by
