190,412,216,354,267,324,279,364,232,390,213,438,FOREIGN
277,327,348,321,396,349,385,382,340,364,286,360,EXTRA
405,363,444,408,450,447,418,456,405,417,379,393,STOUT
244,429,283,432,280,460,253,460,17
343,436,382,435,382,466,348,466,59
211,429,235,385,279,364,286,390,250,409,229,447,###
303,364,363,372,394,400,423,460,396,469,375,424,346,396,297,390,###
192,460,300,487,444,481,445,529,307,541,192,513,GUINNESS
214,525,223,556,201,559,196,534,St
226,561,241,603,283,642,280,669,220,618,201,564,JAMESS
292,648,318,648,349,634,372,661,333,678,294,678,GATE
357,627,390,597,409,546,436,550,406,627,376,655,DUBLIN
240,535,391,547,376,589,237,577,###
259,589,361,598,352,625,255,610,###
261,612,352,625,346,642,262,633,###
