48,147,53,111,63,93,75,101,65,125,62,150,UNITED
64,86,82,71,96,68,98,85,84,89,75,100,STATES
98,69,118,75,129,85,126,94,113,87,97,84,CYBER
134,90,150,123,153,159,140,160,136,125,122,98,COMMAND
76,257,122,255,130,289,84,289,US
55,304,146,303,150,332,56,336,CYBER
24,352,172,342,175,374,29,388,COMMAND
194,161,197,114,219,94,225,110,207,133,207,163,NATIONAL
220,90,251,91,267,111,261,121,246,107,224,107,SECURITY
268,118,280,150,279,177,265,170,267,146,259,125,AGENCY
209,177,216,197,224,206,220,217,203,200,200,183,UNITED
225,206,237,213,243,211,245,225,231,225,217,216,STATES
250,209,260,198,266,184,277,190,268,212,250,225,AMERICA
309,160,339,111,352,108,385,165,374,171,353,127,343,125,319,164,###
316,189,339,212,355,214,367,190,379,193,362,231,339,232,312,200,###
177,257,288,259,291,286,180,288,NATIONAL
181,302,292,297,290,326,179,332,SECURITY
194,344,282,336,283,363,191,372,AGENCY
298,262,387,261,388,287,301,290,CENTRAL
300,298,385,294,386,319,299,325,SECURITY
306,336,381,330,381,354,310,363,SERVICE
