116,259,220,184,349,136,353,217,250,258,151,339,ARMY
364,126,494,99,605,96,589,177,481,187,371,210,NAVY
643,93,868,145,1066,267,1009,352,824,231,620,178,SURPLUS
335,253,800,259,802,346,346,336,YAMAMOTO
179,474,199,445,247,435,245,468,217,466,202,502,ALPHA
259,442,290,487,268,501,250,474,###
193,514,271,519,269,535,194,534,FEELTHECAT
517,478,527,457,547,441,560,465,539,472,532,492,ALPHA
556,439,599,442,623,478,601,493,592,468,559,463,INDUSTRIES
713,459,772,460,775,501,715,498,Coca
833,465,884,441,940,456,937,489,893,463,844,490,ALPHAIND
559,499,586,499,587,520,559,520,59
545,522,595,519,595,543,548,543,###
850,525,928,523,928,553,844,550,###
785,799,946,804,950,832,793,829,SURPLUS
149,750,211,742,208,762,155,771,4500
179,867,269,868,269,898,176,900,1500
643,793,706,789,706,819,646,820,6000
641,853,704,856,706,883,638,882,6800
1178,906,1223,901,1220,931,1175,934,2300
