310,350,341,350,371,350,371,383,341,383,310,383,1995
321,332,342,332,362,332,362,350,342,350,321,350,EST
222,184,250,121,271,136,229,210,GOOD
271,102,352,73,426,121,409,145,349,102,279,126,INDONESIAN
438,144,474,220,445,231,421,160,FOOD
237,198,294,120,360,102,405,139,453,238,400,238,375,181,348,165,309,172,289,226,naughty
303,210,390,220,393,243,300,234,TRADEMARK
229,240,448,264,445,330,231,306,NURIS
274,333,342,409,409,340,444,370,346,475,243,363,Warung
235,357,262,421,252,438,214,363,UBUD
279,450,337,477,336,499,274,474,BALI
361,471,415,430,441,372,465,379,433,451,370,495,INDONESIAN
