897,748,928,748,959,748,959,831,928,831,897,831,M
894,1149,925,1149,956,1149,956,1200,925,1200,894,1200,###
880,592,918,592,956,592,956,647,918,647,880,647,###
810,921,842,921,873,921,873,1043,842,1043,810,1043,###
369,276,391,178,466,94,482,133,411,201,407,277,KEDAIMAKAN
495,78,604,88,612,188,582,188,569,113,494,114,RAJAHBASION
431,234,472,199,547,184,537,209,476,227,434,264,HALAL
437,247,535,212,540,242,449,286,###
407,292,482,299,559,206,594,214,500,325,389,317,###
263,478,324,490,314,535,256,512,###
239,498,288,530,323,550,319,583,264,552,231,523,HALAL
15,444,67,473,57,525,15,500,T
15,517,304,676,298,773,10,626,ROH
816,690,953,653,958,696,820,729,RESTAUR
820,734,934,704,946,749,823,774,HALAL
815,781,866,773,876,852,823,849,O
818,857,948,836,946,867,820,891,35Nguyen
464,709,667,834,652,916,456,818,RESTAURANT
328,872,466,921,464,1059,306,1000,HAJI
487,854,888,1069,893,1238,472,1065,OSMAN
311,1032,675,1167,668,1213,314,1085,DC35NguyenAnNinhPBenThanh
732,1195,886,1256,881,1278,732,1230,DT84122373758
5,1122,25,1122,28,1182,3,1178,3
15,636,96,675,87,703,8,665,99248
121,696,291,778,288,803,115,726,84918340729
