418,205,548,205,678,205,678,277,548,277,418,277,LIQUOR
698,195,822,195,945,195,945,264,822,264,698,264,STORE
6,611,45,611,83,611,83,649,45,649,6,649,MUSIC
152,605,178,605,203,605,203,631,178,631,152,631,DOVER
156,627,178,627,199,627,199,646,178,646,156,646,###
984,172,1077,174,1074,283,977,282,###
635,464,685,406,764,383,758,424,702,439,669,493,WEST
797,391,853,422,881,474,854,499,827,456,787,429,END
652,599,685,663,754,694,747,724,666,692,617,618,LIQUOR
774,690,818,663,853,607,880,626,841,695,777,724,STORE
635,746,818,755,816,782,631,774,MYLIQUORSTORECA
664,532,718,510,720,537,681,559,WINE
793,512,851,539,841,564,785,547,SPIRITS
8,526,89,520,85,595,10,601,###
6,661,78,651,83,699,8,707,###
