16,209,165,209,314,209,314,259,165,259,16,259,PUBLIC
972,400,1016,400,1059,400,1059,436,1016,436,972,436,CARDERO
5,262,162,262,319,262,319,307,162,307,5,307,PUBLIC
27,153,170,153,312,153,312,205,170,205,27,205,ROBSON
980,37,1029,37,1078,37,1078,89,1029,89,980,89,PRIDE
431,488,483,488,534,488,534,526,483,526,431,526,BELSEY
344,354,424,354,504,354,504,449,424,449,344,449,city
220,343,262,343,304,343,304,365,262,365,220,365,REAR
41,336,104,336,167,336,167,364,104,364,41,364,PARKING
49,422,102,422,155,422,155,469,102,469,49,469,GRAND
160,422,235,422,309,422,309,477,235,477,160,477,OPENING
179,340,198,340,216,340,216,364,198,364,179,364,AT
135,477,166,477,196,477,196,498,166,498,135,498,FARM
8,858,30,858,51,858,51,889,30,889,8,889,###
15,7,88,7,91,55,27,57,N
123,10,355,17,358,78,129,64,PUBLIC
395,28,477,49,475,101,385,87,MART
53,133,76,108,114,90,130,117,105,131,79,151,1610
139,78,212,90,285,134,258,161,202,117,147,119,ROBSON
79,480,118,479,121,500,85,500,Kim
206,479,276,482,278,502,205,505,Market
39,717,95,716,89,752,44,755,HAI
6,810,48,816,48,839,6,842,###
1170,19,1278,16,1277,48,1172,49,###
136,650,224,655,224,782,133,773,###
