472,176,487,176,502,176,502,218,487,218,472,218,T
749,225,777,225,805,225,805,246,777,246,749,246,###
202,817,271,837,263,863,198,841,metro
204,845,267,865,260,887,202,869,FREEDAILY
248,522,306,529,291,548,230,538,met
221,537,297,551,291,572,208,555,FREEDAILY
419,711,479,731,473,754,412,739,tragically
531,917,653,893,651,917,525,947,straightcom
545,821,553,789,573,802,560,826,ON
562,780,592,763,596,782,575,802,THE
601,763,635,782,638,813,629,819,618,800,599,785,STREET
553,843,597,863,623,834,636,847,605,886,542,871,ONTHEWEB
642,698,681,681,674,713,646,722,st
419,624,482,631,477,653,414,648,###
