272,650,478,650,684,650,684,715,478,715,272,715,HALF&HALF
438,737,482,737,525,737,525,769,482,769,438,769,1983
243,18,297,18,350,18,350,98,297,98,243,98,###
497,604,530,604,563,604,563,641,530,641,497,641,City
410,605,449,605,488,605,488,636,449,636,410,636,Kirin
294,616,343,562,430,526,444,565,366,595,330,646,LAGER
528,535,607,551,676,611,640,638,582,589,514,563,BLACK
315,728,379,767,435,788,441,812,355,791,289,733,ORIGINAL
453,793,517,788,577,769,597,799,514,824,448,818,BLENDED
589,767,649,713,670,734,606,790,BEER
195,1156,525,1159,526,1278,143,1275,Kirin
582,1114,846,1170,832,1276,572,1275,Citu
