7,549,80,549,153,549,153,591,80,591,7,591,URANT
77,694,139,694,200,694,200,741,139,741,77,741,OPEN
218,836,260,836,301,836,301,870,260,870,218,870,MDG
324,416,405,416,485,416,485,446,405,446,324,446,CHARTERED
328,384,395,384,462,384,462,414,395,414,328,414,GOHREN
771,440,975,440,1178,440,1178,570,975,570,771,570,Khunna
493,416,590,416,686,416,686,448,590,448,493,448,ACCOUNTANTS
588,701,613,701,637,701,637,728,613,728,588,728,845
508,385,599,385,689,385,689,418,599,418,508,418,ASSOCIATES
1128,662,1145,662,1161,662,1161,720,1145,720,1128,720,C
1206,663,1225,663,1243,663,1243,719,1225,719,1206,719,U
1160,561,1176,561,1191,561,1191,597,1176,597,1160,597,E
750,651,772,651,794,651,794,711,772,711,750,711,T
435,65,521,65,607,65,607,157,521,157,435,157,TAX
911,663,933,663,954,663,954,714,933,714,911,714,A
781,556,1092,556,1086,599,779,593,Madame
838,658,870,658,873,709,840,715,H
984,664,1025,666,1023,719,991,719,i
394,188,516,151,628,180,618,218,512,194,411,222,BOOKKEEPING
392,153,404,92,433,102,425,159,GST
417,68,457,39,527,17,525,57,470,68,447,94,ACCOU
911,1085,1029,1081,1009,1148,911,1138,FOR
864,1142,1005,1152,1009,1205,864,1205,LEAS
177,873,305,874,291,898,183,898,###
