90,109,112,110,114,118,94,124,RM
143,107,158,102,165,121,151,123,9
168,104,188,106,192,120,172,122,29
383,102,403,102,411,113,389,116,Rm
434,98,450,97,456,112,440,112,9
458,97,475,94,480,111,459,115,69
9,327,57,328,57,358,7,358,tyne
3,484,57,482,59,515,5,516,ntyne
2,391,17,392,21,406,6,407,BLe
5,553,22,553,23,570,2,571,BLE
212,131,263,137,332,128,333,146,279,159,216,157,KERRYGOLD
197,163,228,167,230,193,200,195,S
257,173,332,164,337,184,257,194,adable
169,289,294,280,297,305,173,310,KERRYGOLD
160,323,305,315,303,350,156,358,Spreadable
153,359,303,350,304,363,153,371,###
299,365,336,364,337,385,301,384,250ge
161,460,288,458,289,487,158,490,KERRYgold
144,499,295,500,294,538,134,536,Spreadable
138,542,292,536,291,553,141,553,###
287,552,335,554,334,570,288,572,250ge
416,279,527,276,527,289,414,294,###
422,320,442,302,473,298,472,314,454,320,433,335,GOLDEN
475,298,503,303,518,322,503,330,496,320,473,317,CHURN
436,338,470,354,498,338,515,348,479,373,431,358,SPREADABLE
453,381,530,377,532,390,453,396,###
426,452,539,443,540,448,427,463,###
438,496,456,476,483,467,487,483,467,492,452,508,GOLDEN
490,468,518,471,536,487,525,502,512,487,489,485,CHURN
449,516,490,528,519,511,531,525,493,549,447,534,SPREADABLE
472,562,554,552,557,563,474,575,###
647,353,749,356,749,367,650,365,###
658,389,675,375,700,372,705,386,686,391,672,403,GOLDEN
702,374,728,380,741,397,730,405,722,394,698,387,CHURN
684,440,765,438,764,446,###
681,480,700,460,728,459,730,472,712,475,693,491,GOLDEn
730,459,760,466,775,480,763,493,753,482,734,477,CHURN
701,507,733,515,760,502,768,517,734,534,695,521,CREAMERY
700,544,770,543,772,555,697,555,###
863,313,879,296,908,288,910,306,893,309,879,326,GOLDEn
913,288,937,293,956,306,949,319,936,309,912,305,CHURN
882,331,918,339,944,321,958,336,918,361,877,347,SPREADABLE
916,478,934,460,963,453,963,471,945,478,931,492,GOLDEN
964,451,994,454,1012,470,1003,486,985,474,966,473,CHURN
937,500,973,510,1000,493,1011,508,980,530,931,519,SPREADABLE
1100,451,1157,504,1145,516,1090,471,OLIVE
1119,444,1167,484,1154,495,1109,458,GOLD
1119,250,1155,217,1171,227,1133,267,GOLD
1133,268,1177,226,1191,240,1150,287,OLIVE
983,6,1006,23,1039,36,1031,57,990,31,972,16,HERS
971,10,989,29,1014,41,1010,59,972,42,958,19,HOICE
51,69,186,65,186,79,62,83,###
363,65,457,61,457,74,360,78,###
