292,1031,422,1031,552,1031,552,1073,422,1073,292,1073,Anniversary
284,894,424,894,563,894,563,1010,424,1010,284,1010,50th
285,369,421,369,556,369,556,427,421,427,285,427,WITHYOU
368,490,421,490,473,490,473,518,421,518,368,518,LOFTMAN
342,436,395,436,448,436,448,476,395,476,342,476,Paris
453,440,476,440,498,440,498,468,476,468,453,468,21e
303,362,402,319,502,353,474,371,397,349,318,385,TERAMACHI
415,523,475,517,475,541,417,547,1981
418,556,447,547,441,616,421,620,###
372,719,525,707,532,769,373,778,KICS
244,382,267,380,267,446,243,446,5F13F
244,457,267,454,271,484,250,493,2F
246,514,265,512,271,553,247,557,1F
246,580,267,580,270,616,246,620,B1
