1103,161,1137,161,1171,161,1171,203,1137,203,1103,203,OPEN
407,416,447,331,567,320,567,368,479,373,448,435,MARBLE
597,344,653,387,676,445,641,464,618,408,578,368,SLAb
451,477,557,540,650,490,676,538,562,604,432,511,CREAMERY
903,786,919,737,969,724,969,751,937,761,929,791,MARBLE
985,733,1009,751,1019,791,998,793,988,767,967,754,SLAB
926,812,966,834,995,809,1017,826,971,865,913,836,CREAMERY
1201,242,1235,246,1236,275,1204,275,Carl
485,879,584,870,588,890,482,908,MIXINITUP
484,918,541,905,546,942,493,954,###
493,1017,594,1001,596,1020,498,1033,###
1009,884,1046,882,1047,895,1014,902,HELP
1007,898,1052,897,1054,918,1009,921,WANTED
3,889,86,887,88,916,5,914,TheOne
