236,390,534,390,831,390,831,479,534,479,236,479,LIVERPOOL
196,53,232,53,268,53,268,77,232,77,196,77,ONB
270,93,286,93,301,93,301,113,286,113,270,113,NO
279,59,315,59,351,59,351,83,315,83,279,83,NJOVI
190,86,212,88,208,105,TH
316,97,349,98,349,116,316,116,MBE
442,87,608,83,608,161,451,154,THE
713,57,791,49,796,101,712,104,###
761,21,844,15,845,30,760,38,###
801,60,819,52,826,64,806,73,###
803,79,872,45,880,59,807,94,cavern
39,325,392,156,740,185,996,311,901,446,694,327,411,318,110,470,CAVERN
709,117,879,111,882,129,708,135,###
