5,370,47,370,89,370,89,406,47,406,5,406,SERVICE
32,296,56,296,80,296,80,332,56,332,32,332,DIRI
5,333,18,333,30,333,30,367,18,367,5,367,###
889,306,995,306,1101,306,1101,351,995,351,889,351,###
5,295,18,295,30,295,30,340,18,340,5,340,N
36,340,73,337,76,367,40,368,###
935,401,944,373,971,353,981,376,959,388,956,410,BEN
1008,358,1031,377,1038,398,1017,404,1013,389,993,373,BIG
952,418,962,436,977,443,969,467,943,449,932,421,BIG
992,443,1011,430,1017,413,1034,409,1031,442,1005,464,BEN
881,463,1107,469,1101,487,881,482,BREAKFAST
902,482,1086,485,1082,503,904,500,WESTERN
941,499,1044,503,1041,518,943,523,CAFE
