41,66,100,66,159,66,159,110,100,110,41,110,umpa
3,59,14,59,24,59,24,108,14,108,3,108,e
56,483,211,471,205,513,61,532,COFFEE
51,682,142,587,214,610,223,670,158,687,70,724,WHATA
56,724,165,691,246,668,249,757,182,771,84,791,GREATDAY
109,780,179,770,225,749,232,780,175,808,112,808,TOBEALIVED
75,852,212,810,221,851,86,879,SWEETTREATS
77,882,212,845,218,886,91,921,GOODEATS
86,928,216,888,221,917,109,967,Straight
172,942,251,905,255,933,167,968,Ahead
91,457,161,451,163,469,95,478,###
103,520,168,510,172,536,102,543,###
