1006,387,1051,387,1096,387,1096,465,1051,465,1006,465,BUN
636,623,659,623,682,623,682,645,659,645,636,645,KOPI
609,516,630,516,651,516,651,537,630,537,609,537,NUOC
694,513,725,513,756,513,756,567,725,567,694,567,UOC
572,628,601,628,629,628,629,650,601,650,572,650,HALAL
536,521,557,521,577,521,577,541,557,541,536,541,SINH
701,561,734,561,766,561,766,594,734,594,701,594,000
176,407,215,329,237,387,205,449,KHU
235,311,278,305,272,366,241,373,AN
284,313,319,342,350,376,328,424,299,387,278,366,UONG
821,267,845,209,896,155,927,231,893,261,862,319,KHU
926,129,994,103,993,199,943,214,AN
1035,111,1114,143,1158,209,1107,272,1060,208,1006,185,UONG
1104,395,1146,401,1148,422,1105,422,BOHUE
1099,422,1161,428,1161,448,1104,446,MAMMOC
1101,449,1163,454,1161,478,1099,474,REUCAOC
1005,466,1157,483,1155,503,1002,495,MUQUANGMIENGA50000
1006,492,1166,509,1166,527,999,521,HOTIUNAMYANG50000
1008,519,1161,530,1160,557,1008,551,BUNTOMCANG200000
1013,547,1161,557,1160,580,1006,578,CHAGIOBICUONGONCOON
1005,580,1157,588,1155,612,1005,606,BANHCANHCUA50000
1002,612,1158,619,1160,642,1002,639,THITNUONGNEWNUONGCHAOTOM
1025,639,1096,639,1099,660,1022,662,CANHBUN
227,504,410,512,419,677,227,679,###
759,512,800,507,804,568,763,562,MA
798,563,836,563,838,580,795,581,20000
1125,674,1180,662,1187,709,1110,714,###
10,577,83,578,76,697,9,694,###
947,562,999,565,1008,711,964,714,###
533,547,689,547,703,618,545,627,###
654,510,694,512,694,540,659,539,MIA
