197,762,237,762,276,762,276,784,237,784,197,784,nothing
285,782,308,782,330,782,330,802,308,802,285,802,Red
269,441,278,417,304,396,323,421,293,430,295,459,RED
319,391,368,399,394,450,371,451,352,421,317,418,TRUCK
298,480,329,489,359,477,370,495,329,510,298,499,BEER
655,144,716,136,712,198,650,202,###
200,504,373,535,385,612,193,609,Monday
394,522,448,525,455,585,395,592,is
182,615,335,597,359,667,196,693,better
361,618,443,591,467,655,367,654,with
187,699,331,687,332,739,203,754,BeeR
284,762,355,760,353,781,287,784,delivers
227,787,265,783,265,805,226,804,like
334,780,392,780,389,802,331,799,Truck
