81,104,106,104,131,104,131,140,106,140,81,140,###
22,169,54,169,85,169,85,203,54,203,22,203,###
23,235,43,235,62,235,62,256,43,256,23,256,###
64,140,88,140,111,140,111,171,88,171,64,171,###
61,246,91,246,121,246,121,268,91,268,61,268,###
64,215,97,215,130,215,130,250,97,250,64,250,###
8,78,46,78,83,78,83,130,46,130,8,130,###
18,150,49,150,79,150,79,182,49,182,18,182,###
19,210,41,210,63,210,63,237,41,237,19,237,###
600,556,641,556,681,556,681,576,641,576,600,576,###
340,529,371,304,481,172,521,265,437,385,415,538,TEHTARIK
429,429,441,368,475,307,496,338,474,390,455,451,PLACE
496,418,583,444,574,548,517,474,###
439,500,488,495,488,559,436,561,###
611,524,679,524,675,543,614,545,###
611,608,673,609,672,696,611,694,###
