338,318,404,318,470,318,470,347,404,347,338,347,PORTSIDE
156,134,208,134,260,134,260,186,208,186,156,186,OPEN
593,335,624,335,654,335,654,356,624,356,593,356,MUSIC
832,599,871,599,909,599,909,637,871,637,832,637,BT47
578,282,622,273,672,290,659,307,628,299,596,308,BEER
944,659,1022,651,1025,685,941,695,Black
1032,651,1073,648,1070,686,1034,688,Top
1082,647,1139,642,1139,676,1078,683,Cabs
946,706,1149,689,1151,721,941,736,6047333333
603,316,651,316,650,326,601,329,DRINKS
600,369,642,367,642,381,600,383,SPORT
366,355,440,355,448,369,363,367,###
587,389,630,405,662,393,675,399,622,421,578,404,###
