253,590,328,590,402,590,402,630,328,630,253,630,PiZZA
624,355,764,355,903,355,903,436,764,436,624,436,PiZZA
250,529,332,529,414,529,414,577,332,577,250,577,Shakeys
617,266,767,266,916,266,916,346,767,346,617,346,Shakeys
1134,274,1205,274,1275,274,1275,296,1205,296,1134,296,ORIGINAL
246,640,330,640,413,640,413,693,330,693,246,693,###
717,519,759,519,801,519,801,550,759,550,717,550,1973
1135,486,1196,486,1257,486,1257,528,1196,528,1135,528,###
47,318,74,318,101,318,101,409,74,409,47,409,###
1140,411,1208,411,1276,411,1276,467,1208,467,1140,467,###
1181,541,1228,541,1274,541,1274,592,1228,592,1181,592,###
1251,487,1264,487,1276,487,1276,519,1264,519,1251,519,###
4,268,25,258,43,280,7,318,KYO
65,184,113,186,136,313,59,288,###
247,264,277,316,314,367,289,396,253,345,226,291,KYOTOSAI
629,448,898,450,892,507,631,502,###
1127,315,1277,312,1276,400,1136,403,###
538,352,557,274,631,211,662,235,599,300,571,364,Shakeys
659,189,730,162,820,168,815,219,743,208,670,234,Original
841,171,899,202,953,262,907,277,872,231,824,211,Crispy
961,267,982,313,995,367,949,378,940,327,925,282,Pizza
572,390,586,445,613,492,568,510,550,453,548,394,Pizza
620,501,656,540,706,559,695,603,629,567,584,517,Crispy
719,567,796,568,859,543,886,582,802,616,709,607,Original
875,535,929,472,956,409,995,417,959,513,901,576,Shakeys
