804,201,830,201,856,201,856,227,830,227,804,227,REVE
675,209,717,209,759,209,759,229,717,229,675,229,MAISON
1196,183,1235,183,1273,183,1273,218,1235,218,1196,218,NE
769,431,797,431,824,431,824,480,797,480,769,480,80
767,206,781,206,795,206,795,231,781,231,767,231,DE
141,276,157,276,173,276,173,306,157,306,141,306,20
759,293,772,293,785,293,785,309,772,309,759,309,80
1011,345,1031,345,1051,345,1051,358,1031,358,1011,358,###
565,347,599,326,630,349,618,362,600,345,573,360,MAISON
577,373,590,387,580,401,565,381,DE
594,384,607,383,615,371,629,380,612,398,588,400,REVE
150,183,264,211,266,229,150,209,MAISONDEREVE
829,409,846,407,855,449,831,447,###
