13,654,144,654,274,654,274,692,144,692,13,692,STARBUCKS
305,654,388,654,470,654,470,692,388,692,305,692,COFFEE
165,270,303,270,441,270,441,349,303,349,165,349,Michelles
328,106,380,106,431,106,431,137,380,137,328,137,LEASE
256,104,290,104,323,104,323,138,290,138,256,138,FOR
455,741,492,741,528,741,528,773,492,773,455,773,ILLS
275,35,351,35,427,35,427,79,351,79,275,79,corbe
360,152,383,152,406,152,406,173,383,173,360,173,Tham
279,150,316,150,352,150,352,176,316,176,279,176,Robert
451,142,581,40,583,284,465,350,STOP
273,178,425,174,423,204,273,204,6046090802
201,246,263,224,311,242,299,260,255,254,215,268,VISIT
