478,1074,537,1074,595,1074,595,1114,537,1114,478,1114,WORKS
478,1013,530,1013,581,1013,581,1071,530,1071,478,1071,ave
344,809,381,809,417,809,417,876,381,876,344,876,de
338,218,372,218,406,218,406,278,372,278,338,278,de
8,3,110,3,97,465,7,465,###
91,404,170,302,290,245,300,306,194,352,109,441,Romance
301,242,347,223,346,278,306,293,la
429,227,512,248,576,283,543,314,476,288,411,268,moulin
587,297,632,325,653,391,589,408,564,370,535,335,Un
237,641,387,635,540,603,558,659,402,719,230,738,Romance
148,666,186,712,214,761,166,793,120,760,92,704,Un
211,780,275,804,332,816,332,873,240,854,173,803,moulin
426,812,462,798,467,862,413,890,la
471,771,584,730,657,643,696,669,606,789,481,860,Romance
161,1056,189,1056,189,1092,163,1099,G
309,1054,387,1056,380,1166,290,1169,###
