356,633,649,633,941,633,941,759,649,759,356,759,DAEJI
1151,509,1201,509,1250,509,1250,557,1201,557,1151,557,Nen
66,1051,103,1051,139,1051,139,1093,103,1093,66,1093,out
666,787,729,787,791,787,791,840,729,840,666,840,###
521,785,662,785,803,785,803,851,662,851,521,851,###
8,859,67,859,125,859,125,903,67,903,8,903,###
39,976,65,976,90,976,90,1007,65,1007,39,1007,###
7,1046,35,1046,63,1046,63,1096,35,1096,7,1096,ke
21,765,62,765,103,765,103,801,62,801,21,801,###
14,799,67,799,120,799,120,841,67,841,14,841,###
60,937,83,937,105,937,105,965,83,965,60,965,###
346,129,468,41,649,39,647,111,498,122,387,205,Cutlet
704,41,871,111,960,209,918,256,818,163,679,109,House
17,632,128,621,133,647,20,666,###
18,694,126,689,137,730,20,736,###
1153,728,1253,732,1257,867,1155,860,###
9,941,49,935,50,965,9,967,###
5,984,###
