311,333,355,333,398,333,398,356,355,356,311,356,SERVING
241,333,272,333,303,333,303,359,272,359,241,359,STILL
260,424,282,424,303,424,303,453,282,453,260,453,ALL
403,334,422,334,441,334,441,351,422,351,403,351,YOU
202,392,337,361,486,384,467,427,344,404,229,437,SANDWICHES
316,424,357,422,357,449,320,452,DAY
369,421,393,424,388,449,370,449,IN
399,421,440,414,443,443,396,445,OUR
262,484,358,454,448,471,437,507,366,495,275,521,AMAZING
231,682,311,692,390,682,393,717,308,727,220,720,BUTCHER
408,682,487,660,493,689,413,717,SHOP
636,348,732,328,735,367,660,383,HOME
745,325,785,325,785,363,754,364,OF
803,325,855,339,852,375,798,360,THE
681,398,748,395,736,471,691,469,###
651,518,738,516,741,550,657,553,WORLD
753,513,847,506,850,534,751,544,FAMOUS
651,557,733,547,735,575,662,586,TOKEN
742,545,849,536,847,563,747,571,PROGRAM
669,638,759,626,763,656,668,665,REDEEM
773,626,827,616,827,644,770,654,HERE
970,357,1020,322,1028,348,993,381,THE
1035,313,1122,308,1180,352,1157,370,1108,342,1038,342,LEGENDARY
987,516,1041,509,1043,547,984,556,SOM
1052,510,1149,504,1149,536,1054,548,BURGER
1031,597,1067,597,1101,592,1107,616,1070,622,1034,624,DINER
