249,491,277,491,304,491,304,523,277,523,249,523,###
7,4,111,18,109,97,4,77,EN
141,18,387,80,385,161,130,109,THAM
411,88,514,109,513,181,408,156,MY
539,121,577,131,578,191,536,184,A
630,144,712,155,710,220,639,208,AU
161,226,311,241,306,278,171,264,HAGOMA
64,266,388,302,387,326,70,296,###
32,310,407,343,410,376,33,349,GQTHAMTAOMATVLINE
410,272,531,285,533,322,416,314,RANG
548,287,639,301,639,340,554,331,HAM
647,302,729,313,727,346,650,345,MAT
543,343,637,360,639,399,540,390,AAu
783,430,842,411,906,414,905,452,852,458,786,477,STREET
911,414,1006,413,1011,462,920,457,FOOD
1019,427,1067,433,1161,463,1161,501,1067,474,1013,466,MARKET2015
683,443,760,439,771,506,688,519,###
323,490,466,499,472,531,323,524,###
923,360,1008,364,1005,389,932,387,###
