229,1091,333,1091,436,1091,436,1122,333,1122,229,1122,6048991582
435,121,484,121,533,121,533,146,484,146,435,146,CENT
312,116,366,116,419,116,419,144,366,144,312,144,JAPAN
301,914,363,914,425,914,425,948,363,948,301,948,COMBO
156,738,254,738,352,738,352,784,254,784,156,784,Mongolian
777,220,854,220,930,220,930,252,854,252,777,252,CASHMONEY
384,489,425,489,465,489,465,518,425,518,384,518,ONIGIR
354,738,398,738,442,738,442,780,398,780,354,780,BBQ
167,837,232,837,297,837,297,870,232,870,167,870,COMBO
170,916,230,916,289,916,289,949,230,949,170,949,DINNER
455,593,503,593,550,593,550,625,503,625,455,625,NBINIYA
178,881,248,881,317,881,317,912,248,912,178,912,HEALTHY
277,952,344,952,410,952,410,1007,344,1007,277,1007,1095
442,309,504,309,565,309,565,368,504,368,442,368,JAPAN
326,811,382,811,437,811,437,861,382,861,326,861,995
168,1093,195,1093,222,1093,222,1122,195,1122,168,1122,TEL
212,1018,248,1018,284,1018,284,1047,248,1047,212,1047,KIDS
848,286,894,286,939,286,939,311,894,311,848,311,ADVANCE
171,1054,216,1054,260,1054,260,1082,216,1082,171,1082,EATIN
171,801,229,801,286,801,286,835,229,835,171,835,LUNCH
453,286,485,286,516,286,516,318,485,318,453,318,WE
317,880,368,880,419,880,419,910,368,910,317,910,FOODS
761,290,800,290,839,290,839,312,800,312,761,312,PAYDAY
292,1052,328,1052,364,1052,364,1081,328,1081,292,1081,TAKE
314,1017,346,1017,378,1017,378,1043,346,1043,314,1043,875
365,1052,397,1052,428,1052,428,1081,397,1081,365,1081,OUT
233,96,258,96,282,96,282,151,258,151,233,151,###
127,64,157,64,187,64,187,144,157,144,127,144,###
137,12,186,42,180,76,138,65,###
348,91,543,91,545,119,351,119,KONBINIYA
640,39,712,37,719,254,647,253,CASH
630,276,726,271,733,293,635,298,GEOMANIA
152,578,306,538,441,583,415,627,286,591,171,628,ROBSON
242,605,351,603,359,636,236,639,###
461,734,574,729,582,817,461,820,###
