432,634,527,634,621,634,621,667,527,667,432,667,CHONGQING
549,687,573,687,596,687,596,705,573,705,549,705,###
265,115,365,118,430,189,410,222,350,178,293,174,Poke
293,172,364,229,412,220,436,276,361,280,280,232,Time
413,288,467,301,469,324,412,310,EST2016
557,163,667,144,671,205,565,223,Ole
674,150,727,138,724,168,671,180,wing
692,174,748,163,755,193,691,205,tapas
613,234,667,214,703,228,694,253,661,241,619,258,Poke
629,253,667,259,698,249,712,265,661,289,616,279,Time
613,304,743,285,746,313,617,327,CHONGQING
434,675,550,675,548,709,436,706,###
610,328,697,318,700,339,610,346,###
464,706,623,720,625,738,463,726,###
761,727,808,730,814,756,758,751,###
503,456,608,465,604,489,505,474,###
889,462,925,469,925,492,880,483,###
