732,424,780,424,828,424,828,485,780,485,732,485,2012
488,516,617,516,746,516,746,544,617,544,488,544,SUMMERFESTCOM
495,431,538,431,581,431,581,489,538,489,495,489,CHANNEL
700,364,750,364,800,364,800,427,750,427,700,427,JULY
1084,556,1100,556,1115,556,1115,571,1100,571,1084,571,991
971,566,994,566,1017,566,1017,584,994,584,971,584,CLEAR
592,369,622,369,652,369,652,431,622,431,592,431,27
1039,591,1081,591,1122,591,1122,607,1081,607,1039,607,###
670,423,693,423,715,423,715,490,693,490,670,490,8
802,365,819,365,835,365,835,430,819,430,802,430,1
587,425,603,425,619,425,619,487,603,487,587,487,3
86,276,452,216,462,441,60,550,45th
230,494,333,514,411,447,438,470,346,548,220,529,19682012
485,230,812,205,816,294,475,315,SUMMERFEST
485,311,817,288,823,315,489,334,THEWORLDSLARGEST
484,340,615,329,615,354,485,366,MUSIC
622,328,821,317,825,344,622,354,FESTIVAL
481,380,583,371,584,435,487,435,JUNE
766,527,822,514,821,539,770,555,Lite
1021,566,1088,567,1086,585,1022,589,CHANNEL
