314,123,365,123,416,123,416,170,365,170,314,170,Out
179,1104,232,1104,285,1104,285,1139,232,1139,179,1139,MEAT
158,1059,236,1059,314,1059,314,1106,236,1106,158,1106,SMOKE
164,113,235,113,306,113,306,171,235,171,164,171,Take
146,1145,194,1145,241,1145,241,1188,194,1188,146,1188,EVERY
199,974,253,925,319,973,297,992,262,961,217,988,PARALLEL
232,970,283,970,282,1012,231,1010,49
255,1154,313,1151,301,1199,261,1201,DAY
319,1145,342,1144,337,1186,307,1189,###
157,1211,345,1208,351,1229,147,1228,###
226,1000,240,1019,255,1025,255,1039,222,1028,210,1007,BREWING
262,1022,280,1018,288,997,309,1009,285,1028,261,1039,COMPANY
