167,574,205,574,243,574,243,596,205,596,167,596,Helper
112,369,177,369,242,369,242,395,177,395,112,395,HAILAM
123,392,175,392,226,392,226,411,175,411,123,411,KOPITIAM
160,511,220,511,280,511,280,538,220,538,160,538,Supervisor
86,512,122,512,158,512,158,529,122,529,86,529,Brand
348,539,388,539,427,539,427,568,388,568,348,568,###
187,457,227,457,267,457,267,474,227,474,187,474,KOSONG
85,573,126,573,167,573,167,591,126,591,85,591,Kitchen
170,607,216,607,261,607,261,626,216,626,170,626,Waitress
83,542,109,542,135,542,135,560,109,560,83,560,Chef
84,605,122,605,159,605,159,624,122,624,84,624,Waiter
94,454,140,454,186,454,186,471,140,471,94,471,JAWATAN
149,299,185,275,223,301,213,319,187,299,163,313,ORIGINAL
159,317,187,351,201,325,223,325,199,365,163,363,137,335,KUALAPILAM
91,425,285,433,281,451,81,449,###
305,437,343,371,397,359,459,377,489,451,459,469,433,411,393,389,355,401,325,467,MALAYSIA
353,433,443,441,445,495,345,489,###
371,487,431,483,433,509,365,511,HALAL
343,311,459,313,451,355,335,347,###
