377,389,434,389,490,389,490,431,434,431,377,431,ISTIMEWA
594,427,630,427,665,427,665,489,630,489,594,489,ROS
671,424,716,424,760,424,760,486,716,486,671,486,AYAM
310,427,348,427,386,427,386,492,348,492,310,492,NASI
562,388,591,388,619,388,619,426,591,426,562,426,TIAP
624,385,657,385,690,385,690,428,657,428,624,428,HARI
494,388,522,388,550,388,550,429,522,429,494,429,TIAP
395,427,456,427,516,427,516,490,456,490,395,490,TOMATO
245,429,333,363,434,328,444,372,343,405,273,466,RESTORAN
451,326,540,312,651,327,639,368,526,356,460,367,TAJUDDIN
663,334,767,376,829,426,801,456,721,398,650,372,HUSSAIN
526,434,588,432,589,487,532,485,DAN
688,566,795,563,791,600,690,603,KELUAR
