340,105,385,105,430,105,430,139,385,139,340,139,WAR
197,105,240,105,282,105,282,141,240,141,197,141,IRLIN
33,374,43,374,52,374,52,391,43,391,33,391,x
258,234,306,234,354,234,354,252,306,252,258,252,SKYTRAX
11,6,137,23,129,90,9,68,SK
219,29,371,30,501,14,499,80,360,94,215,88,TRAX
562,31,594,25,596,38,569,41,AX
254,226,269,203,298,194,301,209,278,218,270,234,WORLD
308,191,346,206,359,225,344,234,326,213,305,208,AIRLINE
270,260,288,278,318,283,317,296,273,288,257,261,AWARDS
325,281,336,274,342,259,361,264,350,282,329,291,2017
245,315,368,315,367,334,250,333,###
28,90,129,100,90,133,47,128,###
204,374,222,376,221,394,199,393,R
