292,640,347,640,401,640,401,684,347,684,292,684,Going
171,643,219,643,266,643,266,681,219,681,171,681,1970
75,652,114,652,153,652,153,688,114,688,75,688,ince
411,638,439,638,466,638,466,680,439,680,411,680,for
637,573,661,573,685,573,685,604,661,604,637,604,SD
280,255,373,183,463,180,552,247,514,289,457,240,387,237,319,304,GLOBAl
61,537,456,528,465,613,63,631,GLOBAL
486,523,676,519,676,567,490,574,AIRFREI
492,645,651,636,649,666,493,679,customer
496,579,616,574,622,606,496,615,PENANG
661,630,685,624,688,664,660,670,d
