4,304,33,304,62,304,62,388,33,388,4,388,###
227,573,237,573,246,573,246,587,237,587,227,587,be
5,4,375,3,378,40,7,63,###
220,184,364,174,365,208,225,217,TESCO
180,304,249,290,326,319,299,350,244,335,187,337,ONLY
92,394,107,355,138,325,166,348,140,376,127,408,FOR
182,361,311,373,306,461,167,448,30
160,443,306,462,301,509,156,491,sen
125,412,135,486,192,534,172,555,103,501,88,407,DELIVERY
189,534,215,539,239,541,252,572,215,571,181,559,VIA
250,540,294,527,324,503,353,512,317,556,259,566,YOUR
331,489,351,435,332,361,364,346,389,430,371,508,VENDOR
95,469,99,484,85,487,79,471,A
93,486,108,514,130,535,124,547,93,518,81,486,minimum
128,536,150,551,169,559,167,572,134,560,121,545,service
171,559,196,568,191,582,167,574,fee
196,572,227,574,223,591,189,587,may
247,574,278,571,300,557,312,572,281,585,251,589,imposed
304,554,322,547,332,559,313,572,by
324,549,342,539,349,527,362,543,352,551,335,562,your
350,528,360,516,375,503,389,511,378,528,359,539,news
375,496,386,475,392,453,413,461,403,484,387,508,vendor
5,204,24,203,25,223,5,225,S
