140,348,242,348,343,348,343,382,242,382,140,382,CAPTAINKEY
198,525,304,525,409,525,409,558,304,558,198,558,AUTOMOTIVE
197,488,303,488,408,488,408,520,303,520,197,520,COMMERCIAL
197,446,300,446,403,446,403,479,300,479,197,479,RESIDENTAL
126,712,107,750,114,775,88,787,84,740,103,704,REMOVE
111,785,132,820,172,834,167,857,109,834,89,795,CONTROL
177,875,182,844,202,815,231,849,217,867,211,892,THE
216,809,279,790,334,827,312,857,274,829,231,842,WORLD
221,872,291,845,301,885,237,910,No1
206,903,281,920,316,855,347,850,309,967,181,918,CARKEYPROGRAMMER
332,584,369,601,392,626,365,639,352,619,331,611,CARD
389,636,409,672,400,715,374,717,380,684,362,645,ACCESS
385,825,405,794,412,749,422,739,434,800,400,849,PADLOCKS
114,1012,425,985,430,1047,126,1078,LOCKSMITH
665,467,712,467,708,497,667,491,LIFT
