5,180,64,183,67,207,3,204,CONO
8,207,55,210,55,233,5,232,ACk
86,347,108,294,161,268,170,300,140,319,126,361,HONEY
182,263,268,291,282,364,251,359,232,313,176,297,BUNCHES
147,383,181,394,217,383,235,411,187,428,129,414,OATS
84,230,136,227,143,249,86,257,###
50,415,84,415,83,444,53,440,###
92,419,145,434,204,437,215,461,136,461,84,442,STRAWBERRIES
333,226,383,224,383,244,338,250,###
347,347,358,294,413,260,425,294,394,313,383,355,HONEY
432,254,516,282,541,363,514,364,491,316,433,292,BUNCHES
653,191,706,194,710,213,659,211,ECON
667,211,709,213,707,238,668,238,PAC
405,386,441,394,484,386,497,415,441,425,397,414,OATS
321,412,360,422,349,451,316,442,###
360,425,408,437,481,442,481,465,402,465,352,448,STRAWBERRIES
6,707,42,707,41,742,5,749,et
55,702,122,708,120,750,39,746,Bix
6,800,81,800,86,851,6,851,Bix
196,781,302,781,291,819,192,830,Wee
254,708,343,708,344,742,252,749,Weet
351,708,410,708,411,749,349,746,Bix
620,683,707,682,710,724,617,722,Weet
671,728,707,722,707,749,668,764,###
637,811,710,814,710,853,645,851,Wee
685,861,706,850,709,886,698,897,###
2,1121,52,1098,167,1110,151,1158,53,1147,6,1171,KOKRUNCH
5,1182,47,1163,94,1160,89,1196,47,1196,11,1203,DUO
235,1140,321,1099,447,1115,432,1158,321,1150,248,1186,KOKOKRUNCH
285,1180,333,1164,375,1163,379,1197,337,1191,294,1200,DUO
530,1012,673,1012,671,1048,528,1051,NEW
486,1054,565,1052,564,1080,488,1085,Nestle
495,1183,701,1171,707,1244,497,1259,Cheerio
502,1107,547,1102,547,1122,505,1129,HELPS
520,1124,586,1115,589,1135,519,1144,REDUCE
593,1259,698,1252,696,1278,598,1280,###
