121,574,126,490,162,448,199,461,193,507,198,567,The
148,405,230,316,347,294,349,349,269,373,206,450,Coffee
360,283,495,328,545,401,512,447,448,377,361,345,Bean
322,665,383,680,424,672,448,735,372,744,313,724,Tea
431,662,498,618,526,531,578,577,545,660,458,719,Leaf
248,662,297,658,304,730,238,733,###
392,746,453,736,501,700,517,714,466,766,400,778,Est1963
674,567,715,565,716,755,690,761,###
9,327,75,330,58,576,6,573,Bean
5,582,67,588,55,847,3,842,Coffee
5,856,53,856,64,1001,5,999,The
512,468,548,468,543,498,522,496,###
593,247,638,180,646,257,607,310,KAFE
