351,288,465,288,578,288,578,353,465,353,351,353,EVENT
345,276,385,205,474,179,469,222,406,240,376,297,MONTHLY
488,184,552,220,578,280,556,294,526,247,483,219,SPECIAL
369,369,401,410,472,428,472,454,388,437,352,393,MONTHLY
481,428,524,412,549,374,582,382,554,438,490,461,SPECIAl
559,740,625,729,632,754,559,768,Nandos
0,449,104,463,89,517,3,513,###
106,482,336,503,334,539,97,517,SEAFOOD
578,1153,645,1172,638,1198,584,1181,Give
645,1172,678,1181,674,1212,645,1207,it
587,1186,669,1211,667,1235,582,1205,some
570,1193,692,1242,680,1268,566,1225,551,1235,Nandos
97,546,195,552,191,573,101,569,###
