248,139,273,139,297,139,297,179,273,179,248,179,76
274,272,323,272,371,272,371,291,323,291,274,291,Tachibana
220,274,245,274,269,274,269,292,245,292,220,292,belta
181,276,200,276,218,276,218,294,200,294,181,294,Bon
199,40,228,41,233,95,205,96,1
245,162,247,175,258,184,251,196,236,184,231,161,VISIT
231,151,252,123,290,126,287,141,259,140,246,159,MIYAZAKI
299,130,309,140,311,151,298,160,294,151,287,142,BUS
288,179,297,172,298,159,314,156,310,174,298,191,PASS
170,207,378,204,376,224,169,230,###
146,233,400,225,403,268,146,274,###
172,302,377,296,374,342,178,349,###
