109,162,223,55,364,53,502,151,458,187,349,107,249,109,146,184,WELCOME
103,190,143,190,142,216,104,218,LOS
142,192,224,189,225,213,144,215,ANGELES
117,218,157,217,156,242,116,242,1139
159,215,213,215,212,239,160,239,MILES
238,158,255,118,304,107,304,127,276,133,255,166,ADRIAN
318,110,353,131,365,166,352,170,338,140,311,127,TEXAS
281,138,321,138,322,150,284,150,ROUTE
290,150,311,149,314,160,US
278,160,327,159,324,184,279,181,66
237,186,363,182,363,203,238,207,MIDPOINT
380,187,488,186,490,215,380,214,CHICAGO
389,216,426,216,428,240,390,240,1139
430,217,482,215,485,238,428,237,MILES
