339,436,359,436,379,436,379,456,359,456,339,456,ALL
438,442,459,442,480,442,480,460,459,460,438,460,CAN
373,419,429,419,485,419,485,439,429,439,373,439,SPARERIBS
419,459,445,459,470,459,470,480,445,480,419,480,1595
481,443,501,443,520,443,520,462,501,462,481,462,EAT
386,439,408,439,430,439,430,457,408,457,386,457,YOU
613,476,789,478,789,527,616,525,###
317,95,494,121,484,159,300,135,Amadeus
323,148,354,161,352,174,321,162,THE
362,163,385,171,408,169,410,190,382,187,355,175,PLACE
413,172,442,170,444,192,415,190,FOR
443,172,457,172,475,164,483,182,470,184,446,186,RIBS
440,304,497,311,495,332,438,328,Armadeus
393,460,410,459,411,483,396,483,###
