192,108,254,81,326,70,322,93,252,104,201,123,BARANGAY
333,71,378,75,380,96,335,94,STA
393,78,433,90,467,109,463,125,431,110,392,101,ELENA
247,121,280,110,317,107,318,128,287,129,254,141,KAPT
327,106,380,111,380,131,327,130,MOy
389,113,418,120,414,138,389,132,ST
283,153,362,153,360,303,293,301,1
161,321,256,321,258,348,163,347,LUNGSOD
262,323,292,322,290,347,263,347,NG
296,323,338,326,338,346,296,344,MAY
340,323,444,321,445,346,341,346,MABUTING
450,321,511,321,511,344,448,346,UGALI
82,327,89,307,109,295,114,307,99,315,94,331,LUNGSOD
111,299,124,296,126,305,114,307,NG
129,296,149,307,157,330,146,333,140,313,126,307,MARIKINA
104,351,120,359,137,354,143,360,121,369,99,361,PILIPINAS
92,333,104,351,96,358,82,342,1030c
138,350,147,333,158,336,148,357,1996
