133,268,179,268,225,268,225,292,179,292,133,292,families
503,281,524,281,545,281,545,301,524,301,503,301,1996
167,225,239,195,304,190,306,219,244,227,176,253,Breakfast
324,188,406,194,407,221,321,220,Lunch
428,196,481,214,513,231,506,252,465,236,418,223,Dinner
457,285,489,286,490,304,458,305,est
264,308,352,328,440,312,446,339,356,366,256,343,UNCLEULIS
197,329,258,351,254,388,181,366,Pub
306,357,397,364,490,333,503,363,382,405,293,395,Restaurant
267,353,295,361,290,389,263,390,###
669,497,762,502,760,516,668,513,###
704,466,723,467,724,484,706,482,###
135,293,224,293,227,308,132,312,welcome
