249,98,290,98,331,98,331,120,290,120,249,120,CANADAS
330,266,359,266,388,266,388,287,359,287,330,287,North
308,298,329,298,349,298,349,313,329,313,308,313,grand
197,291,220,291,242,291,242,313,220,313,197,313,Nord
278,265,301,265,324,265,324,288,301,288,278,288,True
166,290,181,290,196,290,196,317,181,317,166,317,Le
247,299,262,299,277,299,277,313,262,313,247,313,avec
279,300,290,300,301,300,301,313,290,313,279,313,un
241,58,279,38,313,45,307,71,280,66,254,80,WELCOME
318,48,341,61,321,82,308,70,TO
157,119,418,118,415,249,164,245,YUKON
177,267,269,267,270,287,179,286,Canadas
364,296,387,295,384,314,364,313,N
27,420,109,420,108,444,26,446,###
