3,10,102,15,106,55,1,52,cent
3,73,42,75,48,102,4,105,ian
1,111,84,109,85,135,4,138,orange
21,52,75,54,79,72,21,72,nothing
75,57,105,57,103,72,79,73,else
4,276,39,277,37,313,10,312,9
6,319,46,321,48,345,7,345,0ml
21,502,57,496,85,630,51,630,pineapple
139,886,192,871,189,895,145,907,new
34,982,111,999,181,988,186,1014,105,1021,36,1011,innocent
63,1029,162,1033,163,1054,63,1050,pineapple
187,354,220,337,237,358,198,373,st
243,337,300,297,367,286,370,306,304,321,262,363,GOATS
391,286,480,307,513,372,475,385,448,324,387,307,BUTTER
283,366,295,339,324,319,337,337,319,349,304,381,FRESH
333,318,358,310,390,313,390,328,364,328,340,336,FROM
396,315,418,318,433,328,420,343,411,334,391,333,THE
447,336,459,354,462,381,441,387,436,363,427,348,ARM
307,387,315,414,289,429,279,397,St
310,417,340,442,391,444,405,465,331,466,289,436,HELENS
397,442,423,426,435,399,462,409,448,448,415,465,FARm
250,466,364,478,360,501,250,493,GOATS
370,477,495,487,495,513,372,501,BUTTER
277,496,469,510,466,523,###
160,523,250,528,252,556,162,553,WHO
262,528,340,532,340,561,265,556,YOU
351,534,481,538,486,561,352,561,GONNA
496,537,588,544,589,571,499,564,CALL
369,585,541,588,538,621,375,619,GOATS
357,624,550,628,552,666,361,660,BUTTER
250,619,264,642,301,645,309,661,256,660,231,627,StHELENS
298,643,318,637,319,618,340,628,334,651,315,663,FARM
205,693,228,691,226,712,205,715,St
231,691,283,691,283,711,229,711,Helens
283,694,322,696,322,709,283,711,Farm
727,388,771,369,805,379,805,397,771,388,GUERNSE
726,414,808,421,805,442,727,435,DAIRY
355,717,433,718,427,753,357,748,190
237,714,271,714,270,730,231,730,goats
274,712,321,711,325,730,277,730,Butter
216,753,255,754,255,775,216,772,250g
709,468,806,472,805,495,709,487,GUERNSH
706,486,809,492,811,510,706,507,BUTTER
488,984,520,970,556,1060,517,1071,PARK
468,873,605,883,607,903,474,894,LURPAK
676,697,751,700,751,720,682,717,Guernsey
754,700,793,702,797,720,752,721,Dairy
673,717,743,717,746,735,673,733,Guernsey
743,721,793,721,793,738,746,736,Butter
742,738,794,738,794,757,739,754,salted
682,759,724,760,724,786,686,784,250g
338,754,373,754,371,775,337,774,760
374,753,395,753,395,780,370,778,kg
