6,5,47,8,48,29,9,29,tuk
60,9,199,11,198,35,61,36,peruntukan
88,180,99,122,137,94,144,112,115,138,107,187,JABATAN
148,90,200,89,250,124,260,186,240,181,228,136,191,107,151,109,KESELAMATAN
120,200,113,179,112,164,128,165,129,178,135,192,DAN
112,155,133,119,172,110,190,114,187,126,163,126,142,135,129,164,KESIHATAN
197,112,232,141,238,181,226,209,212,198,219,168,208,143,189,127,PEKERJAAN
144,151,203,153,202,183,142,183,PP
111,195,137,223,166,232,162,253,116,236,93,200,PULAU
171,233,207,223,235,195,254,205,214,245,172,252,PINANG
2,422,45,425,45,445,4,446,era
6,498,67,496,67,524,4,522,tuan
79,495,185,492,186,530,74,531,rujukan
11,554,165,550,168,588,11,591,dinyatakan
173,551,204,552,205,588,172,587,di
