72,124,102,124,132,124,132,141,102,141,72,141,FIESTA
57,193,104,193,151,193,151,211,104,211,57,211,BURRITOS
289,146,323,146,356,146,356,162,323,162,289,162,TRAVELODGE
74,212,104,212,133,212,133,225,104,225,74,225,TACOS
279,108,312,108,344,108,344,125,312,125,279,125,PARKING
57,245,105,245,153,245,153,261,105,261,57,261,GORDITAS
387,119,418,119,448,119,448,163,418,163,387,163,Me
47,262,106,262,164,262,164,278,106,278,47,278,BREAKFAST
70,228,106,228,142,228,142,243,106,243,70,243,TORTAS
270,148,278,148,285,148,285,161,278,161,270,161,AT
524,127,565,127,606,127,606,163,565,163,524,163,Food
357,129,372,129,386,129,386,160,372,160,357,160,ie
55,161,104,146,140,156,128,170,98,163,70,173,TACO
46,292,146,287,150,306,45,314,8185586645
265,89,359,89,359,109,265,109,ADDITIONAL
237,129,264,125,264,163,237,163,###
453,140,517,137,518,156,451,158,###
271,126,358,124,357,144,272,144,AVAILABLE
