832,575,863,575,893,575,893,597,863,597,832,597,###
0,489,41,489,81,489,81,527,41,527,0,527,nteed
411,144,439,144,467,144,467,163,439,163,411,163,###
409,65,685,45,692,103,411,115,###
408,115,477,113,474,133,415,138,Hong
485,108,547,106,546,135,484,138,Kong
638,106,693,105,694,123,640,127,cies
482,145,533,142,533,158,488,161,###
636,137,692,133,695,153,636,154,###
341,253,401,211,489,198,482,223,407,230,353,273,###
349,282,362,260,389,240,395,257,371,272,361,296,Haihuang
395,243,414,230,431,228,432,241,414,244,401,255,yaozhu
439,225,467,223,499,230,491,243,462,237,434,240,shabaochi
600,198,629,206,608,303,647,387,622,399,579,285,###
558,253,580,254,578,297,562,301,jieshi
579,304,586,343,610,380,593,388,569,345,562,306,wanzaichi
397,427,430,429,389,526,389,594,370,597,366,512,###
351,471,358,441,384,413,398,423,379,451,365,487,jintang
336,568,341,517,354,483,369,491,358,522,356,574,xiehuang
338,578,353,577,355,600,342,600,sh
137,5,163,27,155,50,107,8,eed
86,3,144,52,129,77,48,5,uality
8,54,160,138,155,182,5,114,Awesome
6,128,140,184,127,235,5,198,Quality
188,54,219,87,231,127,223,132,210,101,183,70,Satisfaction
182,69,229,137,220,148,174,82,Guarenteed
208,3,232,33,225,44,188,6,nteed
241,45,290,106,281,128,230,71,Premium
239,81,281,129,275,157,232,109,Quality
290,129,331,153,326,180,288,156,Aweso
295,167,331,186,325,215,289,201,Quali
168,151,206,152,207,175,165,175,Premium
166,180,207,177,206,200,168,197,Quality
196,216,273,239,267,266,191,246,Guarenteed
203,255,257,268,252,299,205,294,Quality
279,255,310,280,307,292,272,274,QUALITY
94,281,138,299,135,318,91,301,QUALITY
7,299,53,326,45,346,3,324,NTEED
4,337,48,353,35,378,4,368,ITY
89,354,141,358,173,387,168,408,131,384,83,378,Satisfaction
86,388,169,413,165,430,81,413,Guarenteed
185,333,203,329,225,340,220,354,204,348,185,351,hundred
228,336,255,364,251,374,221,357,percent
181,350,252,379,251,398,182,372,GUARANTEED
181,409,242,431,238,463,178,450,Premium
177,454,236,468,232,511,178,500,Quality
4,545,43,548,32,594,3,589,ity
113,488,150,496,177,525,170,538,140,513,110,507,Satisfaction
106,515,167,541,159,558,99,533,Guarenteed
255,440,300,434,301,467,249,484,Aweso
251,488,300,473,295,523,254,536,Qual
236,6,342,19,331,131,237,33,###
201,532,288,539,281,599,198,595,###
46,421,65,424,62,451,39,450,###
64,577,81,581,76,602,60,599,###
172,573,190,573,187,596,171,595,###
268,333,307,353,308,373,265,357,Guarante
