97,19,139,19,137,33,96,31,AHMAD
136,19,160,20,161,32,137,33,TEA
107,44,149,44,151,63,109,63,EARL
111,66,145,64,153,79,110,78,GREy
130,122,161,121,159,134,134,133,taste
212,20,254,21,254,35,212,34,AHMAD
252,24,272,25,272,38,252,38,TEA
216,48,271,52,273,68,219,66,CEYLON
229,67,261,67,264,84,231,83,TEA
308,27,346,27,347,40,308,41,AHMAD
348,26,370,27,370,45,347,44,TEA
312,55,365,57,365,70,311,70,CEYLON
322,71,349,71,353,84,317,87,TEA
423,31,458,33,460,47,421,45,AHMAD
459,31,482,33,481,48,462,48,TEA
412,57,488,59,491,75,418,74,CARDAMON
439,73,466,73,471,89,437,91,TEA
543,51,594,52,592,69,544,66,Dilmah
540,87,565,88,570,101,540,102,EARL
569,87,594,88,597,100,571,104,GREY
658,56,702,58,703,72,661,72,Dilmah
659,88,702,90,700,105,662,104,ENGLISh
652,100,704,101,708,112,654,113,BREAKFAST
759,53,803,55,805,68,762,67,Dilmah
760,82,801,84,800,98,765,97,###
861,55,902,57,905,76,863,73,Dilmah
861,84,903,86,903,97,862,99,###
952,64,1005,64,1006,82,957,81,Dilmah
953,89,987,90,988,101,958,102,Green
984,87,1007,90,1012,104,986,104,TEA
1067,71,1116,73,1121,87,1068,87,Dilmah
1066,98,1101,99,1101,110,1071,109,GREEN
1104,96,1117,98,1119,112,1103,112,TEA
940,104,989,106,990,126,942,126,Pure
961,120,1015,123,1014,148,963,149,Green
1059,111,1129,110,1127,134,1057,137,Jasmine
1178,66,1226,67,1229,84,1177,84,Dilmah
1178,93,1209,91,1208,108,1178,108,Green
1207,95,1229,94,1229,106,TEA
1161,108,1239,107,1241,130,1150,136,Moroccon
1183,133,1226,131,1223,153,1176,153,Mint
7,163,22,165,25,177,10,181,25
155,174,172,173,172,182,154,187,25
264,171,283,171,285,187,270,187,25
356,172,380,174,376,187,361,189,###
471,175,490,176,490,190,472,189,25
527,183,544,183,546,199,528,200,20
642,189,657,189,658,199,638,199,20
736,189,753,188,754,204,736,203,20
839,191,857,191,856,204,838,204,20
21,237,58,240,56,255,23,253,499
113,243,131,243,130,254,109,253,Rm
153,244,183,240,182,256,499
276,243,291,244,294,258,275,257,Rm
315,241,348,241,342,256,315,255,499
401,244,421,242,420,254,RM
442,240,469,242,469,255,442,255,499
539,246,554,246,554,257,Rm
574,242,602,240,602,257,576,257,945
653,245,665,245,666,256,649,255,Rm
684,246,713,245,710,257,686,257,950
749,247,762,246,763,261,745,261,RM
782,246,808,244,808,259,783,258,945
1,323,22,322,64,330,61,348,30,336,3,341,ININGS
93,332,141,318,174,326,175,344,145,337,107,348,TWINING
180,331,208,321,258,332,249,350,212,340,187,347,TWINING
304,336,343,322,394,328,398,349,352,339,316,350,TWINING
421,339,464,325,514,334,511,354,473,345,428,356,TWINING
535,332,585,321,624,333,619,351,586,342,544,353,TWINING
641,328,689,319,727,330,723,349,686,338,649,351,TWINING
740,331,786,319,824,328,819,344,785,337,745,347,TWINING
844,328,886,322,929,328,922,348,893,338,852,351,TWINING
942,332,986,315,1025,331,1021,346,986,338,947,349,TWINING
1040,328,1083,320,1123,329,1112,346,1084,339,1046,348,TWINING
1131,328,1175,319,1206,329,1203,348,1179,339,1139,346,TWININGS
1221,327,1262,319,1280,325,1281,339,1258,336,1229,343,TWININ
1,351,42,349,44,363,2,365,English
2,365,42,364,39,378,4,380,akfast
36,363,63,361,65,378,43,379,Tea
123,348,168,348,165,365,125,365,English
103,361,162,361,161,377,100,378,Breakfast
189,348,216,348,220,363,194,365,Earl
209,349,239,351,242,369,209,367,Grey
203,366,228,367,228,381,206,380,TEA
333,354,372,352,375,368,335,370,Finest
319,369,363,371,366,385,322,386,Ceylon
363,367,388,366,389,382,365,384,Tea
440,352,499,352,504,372,441,369,Darjeeling
459,371,487,373,488,385,460,383,tea
552,351,584,348,584,367,549,367,Lady
581,350,617,350,618,367,587,368,Grey
573,365,598,364,596,381,572,382,Tea
667,348,697,346,698,363,669,364,Pure
656,360,714,361,713,375,657,376,Camomile
864,348,912,349,913,364,863,362,Camomile
851,360,883,359,884,379,853,377,Honey
896,360,923,361,926,376,892,375,Vanilla
956,346,1015,344,1016,362,954,362,Strawberry
974,359,1008,360,1010,374,974,374,Mango
1060,347,1100,345,1099,360,1063,359,Lemon
1069,357,1101,358,1103,375,1067,378,Ginger
1162,347,1185,349,1187,361,1158,359,Four
1148,358,1193,356,1195,373,1147,371,RedFruits
1160,369,1181,371,1181,384,1160,384,TEA
1237,348,1281,348,1278,360,1237,362,Passionfruit
1230,358,1277,361,1279,371,1227,370,MangoOra
1249,367,1269,369,1271,383,1253,383,TEA
330,386,344,388,358,387,359,399,342,399,329,396,SINCE
769,348,797,348,799,362,769,362,Pure
751,358,812,361,815,375,754,374,Peppermint
985,246,1013,245,1013,259,985,259,780
1081,246,1106,247,1108,261,1080,261,780
1170,250,1198,250,1200,263,1170,262,780
1257,245,1279,246,1280,263,1257,261,780
355,388,378,386,380,398,356,402,1706
447,384,474,385,474,396,448,396,SINCe
474,385,494,382,498,394,475,400,1706
559,379,585,382,586,391,560,391,SINCE
584,381,604,379,607,390,586,396,1706
955,245,969,248,970,260,957,258,RM
