726,25,751,25,775,25,775,73,751,73,726,73,###
690,134,734,134,777,134,777,172,734,172,690,172,###
747,225,763,225,779,225,779,272,763,272,747,272,###
366,3,494,3,622,3,622,51,494,51,366,51,###
109,166,120,166,131,166,131,216,120,216,109,216,###
105,571,184,430,345,347,364,398,219,502,154,614,Indonesia
136,2,348,5,325,47,142,26,###
120,85,652,118,636,167,111,131,wwwriafinancialcom
144,175,220,182,216,226,144,223,Ejen
231,182,451,208,445,253,228,229,Pengiriman
462,202,577,218,567,268,462,247,Wang
588,209,739,232,732,275,583,256,Kepada
