5,549,78,508,115,546,11,621,###
304,478,323,445,369,428,375,455,344,466,326,491,WORLD
381,431,435,448,454,481,441,497,414,469,379,457,AIRLINE
557,221,685,229,694,294,569,289,Hoan
310,490,451,497,451,518,313,517,SKYTRAX
329,521,353,549,400,556,402,580,338,570,302,526,AWARDS
403,553,421,539,433,526,459,533,444,556,420,576,2016
289,589,412,589,414,613,307,612,WORLDS
414,591,479,592,476,613,418,615,BEST
295,607,344,612,346,631,296,631,LOW
346,613,399,610,402,633,349,631,COST
397,613,468,613,477,628,400,633,AIRLINE
304,633,323,634,323,659,305,657,8
322,637,385,634,387,657,326,657,YEARS
385,637,474,637,476,656,391,656,RUNNING
491,1052,###
