261,325,289,308,341,383,305,403,Tennis
325,416,368,415,397,443,395,474,377,477,378,447,364,433,332,435,BAKERS
238,485,250,477,263,495,251,501,Rm
270,535,286,526,294,538,277,549,7
281,558,301,545,316,567,294,577,99
468,347,470,375,487,385,505,382,513,395,485,409,451,389,448,345,BAKERS
507,429,526,418,573,480,546,501,Tennis
443,529,457,518,478,537,466,555,799
560,411,579,401,584,417,567,425,###
569,428,588,417,604,441,584,455,799
713,47,747,28,795,128,765,146,Tennis
697,60,717,51,760,133,741,148,BISCUITS
632,57,671,38,754,175,708,200,###
784,173,821,168,852,193,855,254,837,248,838,214,818,192,786,198,BAKERS
934,47,979,47,1004,83,999,126,987,123,990,92,969,63,943,67,BAKERS
1058,159,1075,150,1089,178,1069,193,799
1212,389,1225,378,1259,430,1244,442,Good
1182,400,1204,383,1254,464,1237,494,Morning
989,384,1013,376,1068,476,1042,485,Good
966,416,988,401,1057,520,1029,530,orning
1100,443,1161,469,1172,518,1150,513,1144,484,1105,464,BAKERS
814,465,859,533,839,547,794,487,Good
753,487,779,466,854,590,823,603,Morning
746,504,756,491,791,545,780,554,Breakfast
779,555,796,544,822,592,810,598,Biscuits
828,683,918,687,920,722,832,720,###
979,682,1023,682,1033,719,1020,722,1011,699,984,699,BAKER
1112,623,1131,616,1185,712,1159,706,Good
1064,590,1099,596,1162,721,1138,718,Mornin
1052,595,1071,595,1101,652,1084,659,Breakfast
1089,660,1107,658,1133,708,1122,711,Biscuits
