320,416,349,416,378,416,378,441,349,441,320,441,1880s
39,6,122,14,202,48,200,75,132,54,43,50,Vintage
227,43,277,75,322,119,317,141,269,108,214,78,Attire
172,65,219,82,215,101,163,89,For
42,44,132,69,122,108,27,81,MEn
138,83,177,93,175,122,136,113,###
186,91,320,140,319,167,193,128,WOMEN
33,86,97,101,88,123,28,106,100
103,105,171,126,163,148,94,128,YEARS
182,128,216,137,206,158,176,153,OF
218,140,320,175,308,189,214,163,FASHION
27,117,94,128,172,165,154,197,90,170,25,150,BUY
174,161,196,160,214,174,211,190,192,181,170,185,AND
218,170,254,184,310,190,311,224,265,216,216,207,SELL
359,95,380,83,408,85,436,98,428,114,402,105,371,113,adesof
452,101,487,144,506,188,493,190,466,149,436,123,Fashion
394,324,435,329,432,345,400,341,OPEN
679,244,695,234,725,236,725,271,709,266,688,275,DECADES
735,242,758,257,778,273,773,296,755,282,736,274,FASHIONS
717,280,735,271,746,293,726,303,ERA
745,293,758,295,776,292,778,317,762,310,746,313,DETAIL
689,297,738,308,740,331,691,322,COSTUMES
702,399,739,403,743,425,707,421,Vintage
737,402,765,410,766,427,741,424,Attire
721,427,750,427,752,446,723,447,MEN
715,450,753,450,754,470,722,468,WOMEN
287,336,410,355,409,379,289,366,DECADES
309,381,425,389,422,417,309,409,FASHION
389,424,424,426,424,446,387,446,1980s
329,458,356,445,389,448,384,461,361,465,332,483,100YEARS
375,469,398,462,428,451,427,478,410,480,376,495,FASHION
266,371,317,375,302,410,261,407,of
347,467,376,463,366,494,343,495,of
602,296,649,308,645,344,602,333,###
692,268,719,277,713,297,690,294,###
