604,433,620,433,635,433,635,450,620,450,604,450,BEER
564,433,580,433,595,433,595,447,580,447,564,447,CAFE
234,678,256,678,277,678,277,696,256,696,234,696,OPEN
545,653,588,653,630,653,630,678,588,678,545,678,Welcom
179,392,261,403,258,440,168,433,COFFEE
267,401,338,409,338,448,264,436,HOUSE
169,903,243,890,316,904,317,936,249,928,179,943,KONYA
490,831,515,794,585,763,588,792,542,809,512,841,COFFEE
602,766,630,764,669,775,661,806,629,794,599,792,MILL
487,908,493,950,512,978,479,989,468,956,467,920,MILL
518,993,556,1024,608,1037,604,1060,538,1041,501,1012,COFFEE
668,1007,694,990,707,964,735,981,724,1012,688,1032,MILL
719,945,725,901,711,855,731,841,750,887,744,957,COFFEE
451,422,484,420,484,444,448,447,###
199,822,299,819,302,839,202,841,###
224,705,274,704,272,724,###
