271,437,303,437,335,437,335,464,303,464,271,464,THE
176,467,254,467,331,467,331,496,254,496,176,496,ALTITUDE
231,268,283,268,334,268,334,286,283,286,231,286,ATHLETIC
182,266,205,266,228,266,228,286,205,286,182,286,CITY
211,367,211,352,217,345,228,349,225,361,229,369,THE
221,338,247,318,274,322,273,335,250,334,231,350,RUNNING
279,322,305,349,303,368,289,371,287,351,270,332,SCHOOL
448,362,509,364,510,379,449,377,CITYATHLETIC
518,365,532,364,534,380,514,380,THE
474,414,511,412,513,449,473,449,06
473,451,513,450,514,466,479,469,Trump
471,468,511,465,511,480,475,485,Street
717,56,815,114,810,153,707,94,sweatsho
713,105,791,140,813,157,815,183,708,123,###
715,377,762,373,769,489,724,495,###
