19,23,36,23,52,23,52,54,36,54,19,54,###
125,246,121,269,128,292,102,291,102,266,106,237,3rd
128,298,151,355,189,391,172,413,125,361,107,297,EventBiz
187,396,226,415,274,426,265,458,213,439,178,413,Charity
285,425,310,425,335,416,346,438,313,452,290,450,Run
343,400,363,383,381,354,403,376,389,404,361,425,2017
159,262,172,241,191,230,207,243,191,261,184,285,Save
197,216,215,210,236,214,235,234,225,236,209,245,Our
243,210,284,220,321,254,299,270,271,242,242,233,Mother
327,269,336,306,328,335,309,333,312,308,300,279,Earth
242,27,290,32,287,129,250,124,017
210,95,240,92,245,120,211,122,N
