719,280,771,280,822,280,822,300,771,300,719,300,WORLD
685,224,707,224,729,224,729,240,707,240,685,240,1760
431,281,475,281,518,281,518,300,475,300,431,300,FINEST
375,282,401,282,426,282,426,298,401,298,375,298,THE
1064,608,1087,608,1109,608,1109,628,1087,628,1064,628,###
617,279,630,279,642,279,642,299,630,299,617,299,IN
535,281,570,281,605,281,605,301,570,301,535,301,TOYS
387,32,669,111,936,59,888,247,596,188,308,249,Hamleys
540,217,585,214,584,235,546,237,EST
592,213,638,219,672,223,674,243,640,237,596,236,LONDON
648,280,706,281,708,301,652,302,THE
838,489,876,491,907,496,909,523,878,529,837,526,Hamleys
201,602,234,606,234,626,202,624,Razor
181,810,212,796,213,815,188,828,Razor
411,652,439,649,430,846,410,848,Razor
