628,390,697,390,766,390,766,418,697,418,628,418,###
624,421,663,421,701,421,701,439,663,439,624,439,###
15,593,48,593,81,593,81,608,48,608,15,608,###
31,266,55,237,95,214,115,240,90,256,60,291,THE
120,198,223,169,351,206,340,231,235,208,136,227,TRAFFORD
366,224,402,244,390,269,368,258,###
460,305,478,348,457,358,435,324,###
253,340,293,348,282,429,245,420,TC
106,448,227,458,222,498,109,484,THAT
250,464,393,478,391,510,253,496,WHICH
785,144,765,131,757,106,780,100,784,121,803,127,THE
753,101,765,64,792,58,829,81,821,92,793,76,782,82,772,104,TRAFFORD
819,136,834,121,824,100,834,87,857,122,840,154,CENTRE
591,503,620,506,621,536,598,533,is
633,504,709,515,709,542,631,534,GOOD
750,557,817,527,825,554,764,582,Selfridges
598,219,659,222,662,244,603,240,Aerial
662,220,751,231,751,250,664,243,Extreme
545,279,588,277,594,297,557,299,The
600,277,664,275,669,294,605,297,Coach
672,277,738,274,742,293,680,293,House
744,271,798,266,802,294,748,296,Hotel
729,361,817,404,817,428,738,391,Wilderspoon
814,403,857,422,861,440,822,429,Wood
923,346,975,373,976,391,916,364,JohnLewis
