231,563,263,563,294,563,294,576,263,576,231,576,ALCOHOL
145,298,186,235,280,208,283,240,205,262,168,318,PREMIUM
304,207,393,219,417,267,400,285,366,244,304,240,QUALITY
159,379,415,342,403,390,294,427,147,432,Anchor
162,436,388,400,385,495,280,531,181,528,ICE
232,543,340,520,348,544,237,568,BEER
175,471,190,537,238,595,223,613,180,568,148,472,ARCHIPELAGO
238,595,279,601,319,591,328,615,282,628,228,615,BREWERY
327,585,352,571,366,585,333,610,CO
357,558,379,511,391,420,411,412,402,513,373,583,###
297,564,351,550,352,567,303,582,CONTENT
246,574,286,573,285,597,247,598,5.8
