6,583,142,447,315,354,363,454,191,564,60,697,MACAU
412,327,497,298,593,286,595,379,524,384,464,409,YAT
652,280,757,279,872,303,887,376,773,360,682,372,YUEN
947,324,###
959,322,1171,405,1343,525,1322,597,1154,471,952,394,CANIDROME
1385,565,1457,639,1426,693,1357,618,CO
1490,697,1534,750,1570,810,1546,853,1495,796,1459,748,LTD
887,459,1039,490,1045,549,907,525,###
845,574,874,580,874,604,850,600,$
665,646,686,645,695,675,665,673,5
1237,717,1264,724,1270,739,1244,744,2
1370,679,1399,679,1397,709,1366,703,1
