253,264,658,254,658,330,255,358,MORNING
929,175,959,146,998,140,1028,176,1006,185,991,163,966,164,948,187,CANADIAN
938,201,958,223,986,217,1003,198,1016,203,1000,232,956,244,923,216,CHERRIES
687,250,945,245,929,314,685,332,GLORY
261,364,371,354,375,401,270,409,Hand
380,352,512,342,516,394,386,403,Picked
522,345,671,336,676,379,527,393,Cherries
686,343,775,338,777,376,693,381,From
787,334,924,327,921,366,785,375,Canada
160,48,274,59,395,57,398,80,260,78,134,65,Glory
422,57,612,54,745,40,766,66,614,75,415,75,MORNING
277,38,432,45,628,37,636,55,441,64,269,54,CHERRIES
