116,162,133,162,149,162,149,174,133,174,116,174,Trunng
178,161,189,161,199,161,199,173,189,173,178,173,Non
155,161,166,161,177,161,177,174,166,174,155,174,Mam
119,196,159,196,198,196,198,220,159,220,119,220,SauMai
111,289,159,289,206,289,206,312,159,312,111,312,STAR
154,180,167,180,180,180,180,193,167,193,154,193,Thuc
213,104,274,80,282,93,220,123,TRUONGMAUGAO
218,124,248,108,264,135,225,151,SAO
251,110,282,94,292,122,264,135,MAI
287,73,371,54,456,68,447,84,376,75,290,91,283,98,MORNING
290,85,374,70,452,85,449,107,378,93,294,110,STAR
294,108,327,100,370,96,368,108,328,113,295,122,International
368,95,409,97,448,103,443,117,409,114,368,110,Kindergarden
458,64,534,87,529,141,446,116,###
136,180,155,181,154,192,139,193,Tu
114,277,203,278,202,293,110,289,###
