20,237,48,237,75,237,75,255,48,255,20,255,Kinder
76,572,103,572,130,572,130,590,103,590,76,590,nutella
132,184,172,173,228,186,211,205,178,193,139,207,KidZania
163,148,183,147,191,165,165,171,###
156,199,177,192,205,203,202,210,179,203,157,211,###
10,256,103,255,105,276,1,297,bueno
82,240,111,235,118,253,87,259,###
311,269,375,255,439,267,437,291,374,276,323,293,DISCOVER
358,283,404,285,400,307,362,307,the
293,325,382,304,463,325,450,368,380,350,300,365,BUENO
317,364,378,350,432,366,428,385,381,375,325,386,sideoflife
319,405,354,399,352,411,321,420,314,421,bueno
335,427,365,431,357,440,331,437,bueno
293,552,323,555,325,566,289,565,###
3,580,45,580,42,598,2,604,###
445,600,471,625,453,624,438,617,###
287,189,303,191,300,211,286,210,###
