468,240,540,240,611,240,611,278,540,278,468,278,SCHOOL
473,339,523,339,573,339,573,368,523,368,473,368,800008
193,250,252,250,310,250,310,288,252,288,193,288,INFANT
381,344,418,344,455,344,455,369,418,369,381,369,PATNA
218,342,295,342,372,342,372,372,295,372,218,372,KHAJEKALAN
312,315,328,315,344,315,344,339,328,339,312,339,TO
490,310,518,310,545,310,545,337,518,337,490,337,NEW
135,212,164,194,204,174,215,189,173,209,149,226,SCHOOL
222,167,244,155,268,150,273,168,252,174,232,185,CODE
287,141,310,131,334,133,337,152,312,153,290,161,9510
422,122,482,125,544,138,528,163,475,147,421,144,AFFILIATION
554,140,586,150,571,171,547,164,NO
600,160,641,179,669,200,658,213,623,187,594,175,330070
335,249,444,246,443,278,333,283,JESUS
166,321,298,317,296,341,166,347,AFFILIATED
358,318,476,313,473,337,360,341,CBSE
561,314,632,308,633,333,562,339,DELHI
