772,691,891,691,1010,691,1010,750,891,750,772,750,###
10,171,57,171,104,171,104,316,57,316,10,316,###
38,664,167,664,295,664,295,718,167,718,38,718,###
967,389,994,389,1020,389,1020,529,994,529,967,529,###
41,728,278,738,276,766,42,765,###
154,244,203,190,308,136,317,192,246,228,194,295,BEST
345,120,497,88,683,109,851,190,900,237,817,268,783,228,649,161,471,144,355,177,INFORMATION
252,550,289,580,334,597,295,641,248,614,215,577,ON
356,606,434,630,530,639,529,696,408,685,324,647,REAL
556,641,680,623,802,558,834,612,696,683,555,694,ESTATE
