322,195,509,195,695,195,695,322,509,322,322,322,AGIFT
795,447,856,447,916,447,916,469,856,469,795,469,PARAGON
311,366,400,366,489,366,489,409,400,409,311,409,Simplest
690,445,741,445,791,445,791,472,741,472,690,472,GURNEY
137,440,196,440,255,440,255,467,196,467,137,467,QUEENSBAY
649,370,724,370,799,370,799,414,724,414,649,414,Caring
399,446,445,446,490,446,490,471,445,471,399,471,SUNWAY
497,446,548,446,599,446,599,471,548,471,497,471,PYRAMID
495,369,541,369,587,369,587,410,541,410,495,410,WAY
771,477,804,477,836,477,836,497,804,497,771,497,L5P1
596,372,620,372,643,372,643,410,620,410,596,410,of
195,470,227,470,259,470,259,496,227,496,195,496,1F73A
442,476,500,476,557,476,557,497,500,497,442,497,F1AV185
513,140,523,140,532,140,532,157,523,157,513,157,a
160,270,217,210,294,177,306,197,246,234,186,296,Recycle
313,165,357,145,424,139,425,170,370,172,324,193,today
442,133,467,125,501,134,494,154,472,156,441,160,for
556,133,617,142,677,161,666,179,612,166,552,158,better
703,167,802,213,861,272,839,282,771,228,692,191,tomorrow
354,332,485,332,485,358,354,362,with
541,333,661,332,667,367,540,364,care
240,373,299,369,303,409,244,406,The
255,446,305,443,308,474,251,470,MALL
