8,248,122,249,124,283,13,284,uperior
126,242,280,247,278,289,127,284,Washing
277,247,361,247,359,280,277,279,with
364,247,467,248,468,291,365,288,Space
473,249,586,247,584,289,475,286,Saving
642,192,695,191,689,213,642,215,BIG
618,214,669,218,710,211,712,233,664,239,617,233,INSIDE
316,191,346,176,371,165,397,208,347,230,Big
386,158,425,148,439,184,407,192,in
435,139,510,128,585,147,580,177,503,178,452,196,System
588,365,628,368,627,379,587,376,CAUTION
387,353,565,394,565,414,358,410,347,390,###
