145,301,171,301,196,301,196,308,171,308,145,308,CANDROME
198,300,212,300,226,300,226,307,212,307,198,307,CLUB
604,106,621,106,638,106,638,276,621,276,604,276,###
64,145,100,93,156,46,184,80,137,115,103,170,MACAU
182,33,232,3,248,49,203,63,YAT
249,6,280,0,322,5,326,37,286,37,254,44,YUEN
344,12,428,40,479,105,470,134,417,80,343,47,CANDROME
489,113,509,152,497,164,474,139,CO
517,165,542,213,523,229,496,178,LTD
324,67,368,76,369,101,325,96,###
142,311,181,310,180,321,MACAU
183,307,245,310,248,321,189,324,CANTDROME
232,299,277,297,281,308,230,314,DEMACAU
249,308,279,310,280,321,253,324,CLUB
659,231,679,232,684,284,666,285,###
698,228,718,227,715,285,703,284,###
82,255,151,252,152,272,76,276,AUCYAT
158,249,203,249,204,269,160,271,YUEN
101,239,178,236,178,247,106,255,###
242,412,266,411,265,428,238,431,###
