111,348,135,292,212,251,214,276,154,308,136,354,EETIATOPIO
231,246,316,255,349,308,317,316,287,272,226,266,RESTAURANT
186,289,201,277,216,274,218,286,202,291,190,303,KINIK
222,269,250,267,274,270,269,287,244,283,220,286,NERTOYN
201,328,248,321,253,339,207,346,###
210,349,227,354,240,342,255,346,230,367,203,360,KARYONI
171,359,193,368,193,380,163,374,OIA
203,367,244,361,279,335,292,343,251,375,203,382,SANTORINI
138,355,158,373,188,380,180,407,144,397,119,378,KING
200,377,258,369,316,327,337,343,267,395,196,408,NEPTUNE
