288,451,325,451,361,451,361,488,325,488,288,488,GATE
223,452,251,452,279,452,279,487,251,487,223,487,THE
220,405,261,405,301,405,301,443,261,443,220,443,PLEASE
1339,474,1361,474,1382,474,1382,495,1361,495,1339,495,prof
1131,390,1177,390,1222,390,1222,419,1177,419,1131,419,Quality
1064,467,1127,467,1189,467,1189,494,1127,494,1064,494,Community
305,400,335,400,365,400,365,443,335,443,305,443,SHUT
1193,470,1228,470,1263,470,1263,495,1228,495,1193,495,based
1227,392,1245,392,1263,392,1263,417,1245,417,1227,417,Pre
1233,434,1261,434,1288,434,1288,456,1261,456,1233,456,year
970,341,1032,341,1093,341,1093,370,1032,370,970,370,Learning
1272,394,1315,394,1357,394,1357,419,1315,419,1272,419,School
1268,471,1287,471,1305,471,1305,494,1287,494,1268,494,not
1006,222,1102,222,1198,222,1198,266,1102,266,1006,266,Welcome
1297,434,1321,434,1344,434,1344,454,1321,454,1297,454,olds
1131,432,1148,432,1164,432,1164,455,1148,455,1131,455,for
1092,339,1184,339,1275,339,1275,372,1184,372,1092,372,PlayTogether
1210,430,1219,430,1227,430,1227,454,1219,454,1210,454,5
858,311,948,285,1046,271,1047,324,964,329,870,361,Doonside
1058,268,1193,271,1311,298,1296,336,1183,317,1058,314,Kindergarten
1206,225,1250,224,1232,264,1191,267,to
1323,292,1350,306,1370,321,1363,355,1331,344,1312,337,Inc
1107,393,1128,397,1129,425,1110,425,A
1167,430,1191,430,1191,456,1169,459,3
515,445,591,453,597,480,518,485,###
737,449,796,448,801,484,740,483,###
