469,411,525,411,581,411,581,448,525,448,469,448,budget
559,380,586,380,612,380,612,407,586,407,559,407,self
623,384,682,384,740,384,740,412,682,412,623,412,catering
468,164,516,133,584,126,595,161,535,170,497,196,LAKE
615,126,715,143,808,194,774,223,708,178,612,157,DISTRICT
502,244,640,286,772,259,802,290,657,339,480,277,BACKPACKERS
900,323,980,350,975,408,905,392,For
992,350,1074,372,1076,432,996,412,Sale
904,411,1075,447,1075,472,908,437,ThomsonHaytonWink
594,421,822,428,825,450,592,448,accomodation
