123,488,159,488,195,488,195,515,159,515,123,515,Studio
205,499,219,499,233,499,233,514,219,514,205,514,Open
249,495,287,495,324,495,324,514,287,514,249,514,Appointment
236,498,243,498,249,498,249,514,243,514,236,514,By
176,304,183,304,189,304,189,326,183,326,176,326,###
89,169,107,130,138,108,151,126,130,147,117,181,Belle
144,89,173,77,218,81,212,105,179,103,155,120,Mere
223,71,260,91,277,132,262,151,242,118,216,105,Farm
101,320,170,310,172,331,104,340,ALPACA
193,309,267,293,268,314,199,328,LLAMAS
60,493,119,489,119,514,66,515,Farm
223,476,312,470,313,490,227,493,9083599387
