511,349,554,349,597,349,597,376,554,376,511,376,###
564,376,581,376,597,376,597,393,581,393,564,393,###
521,377,543,377,565,377,565,393,543,393,521,393,###
478,354,496,354,513,354,513,391,496,391,478,391,###
232,177,250,147,286,135,285,150,258,161,243,187,PATRIMONIO
238,194,240,233,265,260,263,277,226,245,223,192,WORLDHERITAGE
271,261,296,252,314,228,331,236,306,269,274,277,PATRIMONIE
293,131,312,140,331,160,320,172,306,153,285,150,MUNDIAL
318,218,324,200,318,179,337,170,338,201,331,232,MONDIAL
100,282,142,279,143,300,99,307,###
218,295,260,293,258,310,220,315,WORLD
261,291,314,289,315,302,262,312,HERITAGE
314,289,337,288,342,307,315,308,SITE
